0.0001282215118408203
0.00012476444244384765
0.0001270771026611328
0.0001286745071411133
0.0001314401626586914
0.00012974739074707032
0.0001305818557739258
0.00013332366943359376
0.0001346111297607422
0.0001379251480102539
0.0001377582550048828
0.00014166831970214845
0.00014162063598632812
0.0001438617706298828
0.0001421213150024414
0.00014569759368896485
0.0001466989517211914
0.00014562606811523436
0.00015022754669189454
0.00015065670013427734
0.00015163421630859375
0.00015223026275634766
0.00015594959259033204
0.00015664100646972656
0.00015544891357421875
0.00015914440155029297
0.00016045570373535156
0.00016486644744873047
0.00016326904296875
0.00016372203826904298
0.00016815662384033202
0.0001685619354248047
0.0001686573028564453
0.0001689910888671875
0.00016980171203613282
0.00017244815826416015
0.00017211437225341796
0.00017545223236083984
0.00017850399017333985
0.0001788616180419922
0.00017960071563720702
0.00018262863159179688
0.00017902851104736328
0.00018401145935058593
0.0001837015151977539
0.00018558502197265624
0.0001858949661254883
0.00019390583038330077
0.00018990039825439453
0.00019445419311523438
0.0001947641372680664
0.000197601318359375
0.00019724369049072265
0.0002002716064453125
0.00020093917846679686
0.00020401477813720704
0.00019996166229248048
0.00020611286163330078
0.00020613670349121094
0.0002058267593383789
0.0002109527587890625
0.00020699501037597657
0.00021016597747802734
0.00021429061889648436
0.00021255016326904297
0.00021665096282958985
0.00021619796752929686
0.00021996498107910157
0.0002229928970336914
0.00022029876708984375
0.00022127628326416016
0.00022802352905273437
0.00022470951080322266
0.00022847652435302733
0.00023059844970703126
0.00022833347320556642
0.0002274036407470703
0.00023221969604492188
0.00023527145385742186
0.00023345947265625
0.00023715496063232423
0.00023643970489501954
0.0002446174621582031
0.0002395153045654297
0.000244140625
0.0002472162246704102
0.0002461910247802734
0.00024902820587158203
0.00025095939636230467
0.0002502918243408203
0.00025756359100341796
0.00025582313537597656
0.0002597332000732422
0.0002583742141723633
0.00025756359100341796
0.00025770664215087893
0.000262761116027832
0.00026404857635498047
0.0002650022506713867
0.0002657175064086914
0.00027277469635009763
0.00026824474334716795
0.0002692222595214844
0.0002732276916503906
0.0002694845199584961
0.00027825832366943357
0.0002732276916503906
0.00027468204498291013
0.00027549266815185547
0.00028040409088134763
0.0002804279327392578
0.0002853631973266602
0.0003657341003417969
0.00029175281524658204
0.0002898693084716797
0.0002897977828979492
0.0002922773361206055
0.0002906322479248047
0.00029265880584716797
0.00028798580169677737
0.00029437541961669923
0.0002947330474853516
0.00029807090759277345
0.0003045797348022461
0.00029816627502441404
0.0002961158752441406
0.0003063678741455078
0.000305938720703125
0.0003061771392822266
0.00031273365020751954
0.0003101348876953125
0.0003143310546875
0.00031080245971679685
0.000316166877746582
0.00031769275665283203
0.000316166877746582
0.00031652450561523435
0.0003205776214599609
0.000327610969543457
0.0003164768218994141
0.00032303333282470705
0.00032532215118408203
0.0003243684768676758
0.0003271341323852539
0.00033066272735595705
0.0003352642059326172
0.00033626556396484377
0.0003349781036376953
0.00033257007598876955
0.0003403663635253906
0.0003413677215576172
0.000336146354675293
0.0003417253494262695
0.00034604072570800783
0.0003468513488769531
0.00034291744232177733
0.000347137451171875
0.00035207271575927735
0.000358128547668457
0.00035614967346191405
0.00036303997039794923
0.00035190582275390625
0.0003606081008911133
0.00036089420318603517
0.0003606319427490234
0.00035746097564697265
0.0003639698028564453
0.0003690242767333984
0.000369572639465332
0.00037078857421875
0.00037333965301513674
0.0003767490386962891
0.00038230419158935547
0.0003943681716918945
0.0003779411315917969
0.00037920475006103516
0.00038657188415527346
0.00038471221923828123
0.000389862060546875
0.0003914356231689453
0.0003830909729003906
0.0003930568695068359
0.0003988027572631836
0.00039417743682861327
0.0003951072692871094
0.0004140377044677734
0.0004008293151855469
0.0004006624221801758
0.000395965576171875
0.00040879249572753904
0.0004044771194458008
0.00041410923004150393
0.00040693283081054686
0.0004142045974731445
0.0004127264022827148
0.0004227161407470703
0.0004213571548461914
0.0004109621047973633
0.0004218578338623047
0.0004148006439208984
0.00043027400970458985
0.0004220008850097656
0.0004294157028198242
0.0004300355911254883
0.0004312038421630859
0.0004389524459838867
0.0004288673400878906
0.00043933391571044923
0.00043740272521972654
0.00044653415679931643
0.0004396200180053711
0.00044240951538085935
0.0004495382308959961
0.0004439353942871094
0.00045316219329833985
0.00045011043548583987
0.00045225620269775393
0.00045146942138671873
0.0004546880722045898
0.0004570484161376953
0.00045261383056640627
0.00046346187591552737
0.00046079158782958985
0.00046329498291015626
0.0004652500152587891
0.00047113895416259763
0.00046346187591552737
0.00046443939208984375
0.00047121047973632815
0.0004677772521972656
0.00047872066497802737
0.00047516822814941406
0.00047409534454345703
0.0004835605621337891
0.00047881603240966796
0.0004745006561279297
0.00047914981842041017
0.0005124330520629883
0.0005159139633178711
0.000489187240600586
0.00049591064453125
0.0004911422729492188
0.0004953384399414062
0.0005000114440917968
0.0005097627639770508
0.0005012035369873046
0.0005140304565429688
0.0005118370056152344
0.0005098104476928711
0.0005146026611328125
0.0005185127258300782
0.0005084991455078125
0.0005108833312988282
0.0005145788192749024
0.0005172014236450196
0.0005207300186157226
0.0005154132843017579
0.0005188703536987305
0.000521540641784668
0.0005271434783935547
0.0005258560180664062
0.000526881217956543
0.0005353689193725586
0.0005328655242919922
0.0005295038223266602
0.0005281209945678711
0.0005365133285522461
0.0005367040634155273
0.0005476236343383789
0.0005431652069091796
0.0005425691604614257
0.0005511760711669922
0.0005440711975097656
0.0005573511123657226
0.0005610942840576172
0.0006290674209594727
0.000574040412902832
0.0005475521087646484
0.0005534648895263672
0.000556778907775879
0.0005658626556396485
0.0005572795867919922
0.0005559921264648438
0.0005620718002319336
0.0005686759948730468
0.0005641937255859375
0.0005661487579345703
0.0005739212036132812
0.0005780458450317383
0.0005900382995605469
0.0005740642547607422
0.0005826711654663086
0.0005878686904907226
0.0005874872207641601
0.0005886554718017578
0.0005873680114746094
0.000587296485900879
0.0005945444107055664
0.0005987882614135742
0.0005895614624023438
0.0005959749221801757
0.000594186782836914
0.0005931615829467774
0.00059967041015625
0.0005962371826171875
0.00059814453125
0.0006104469299316406
0.0006061315536499024
0.0006086111068725586
0.0006117582321166992
0.0006152629852294922
0.0006100177764892578
0.0006163358688354492
0.0006148576736450196
0.0006166696548461914
0.0006124734878540039
0.0006354808807373047
0.000620889663696289
0.000627589225769043
0.0006430149078369141
0.0006337165832519531
0.0006347417831420899
0.0006234645843505859
0.0006397485733032227
0.0006365060806274414
0.0006267070770263672
0.0006411552429199218
0.0006384849548339844
0.0006349325180053711
0.0006551027297973632
0.0006501436233520508
0.0006526947021484375
0.0006573200225830078
0.0006597995758056641
0.0006482362747192383
0.0006544351577758789
0.0006541013717651367
0.0006569862365722656
0.0006620883941650391
0.000656747817993164
0.000666666030883789
0.0006600379943847656
0.0006651163101196289
0.0006798982620239257
0.0006553173065185547
0.0006770849227905274
0.0006775856018066406
0.0006772041320800781
0.0006761789321899414
0.0006892919540405273
0.0006842851638793945
0.0006816864013671875
0.0006857633590698243
0.0006792783737182617
0.0006893634796142578
0.0006819486618041993
0.0006885766983032226
0.0006908893585205079
0.0006955623626708985
0.0007030725479125977
0.0007168292999267578
0.0007014751434326171
0.000703120231628418
0.0007065534591674805
0.0007129430770874024
0.000697922706604004
0.0006999969482421875
0.000727987289428711
0.0007056474685668945
0.0007166147232055664
0.0007094383239746094
0.0007175683975219726
0.0007158756256103515
0.0007087230682373047
0.000724029541015625
0.0007367134094238281
0.0007247686386108399
0.0007265090942382812
0.0007287263870239258
0.0007312297821044922
0.0007251024246215821
0.0007363319396972656
0.0007380008697509766
0.0008032083511352539
0.0007454633712768554
0.0007428884506225586
0.0007400989532470703
0.0007529973983764649
0.0007493019104003907
0.0007420539855957031
0.0007485151290893555
0.0007494449615478516
0.0007456302642822266
0.0007590293884277344
0.0007566928863525391
0.0007539987564086914
0.0007570981979370117
0.0007597684860229492
0.0007567167282104492
0.0007534027099609375
0.0007624387741088867
0.0007643222808837891
0.0007834672927856445
0.0007746696472167968
0.0007799625396728516
0.0007885932922363281
0.0007927656173706054
0.0007700443267822266
0.0007907390594482422
0.000775289535522461
0.0007798194885253907
0.0007779836654663086
0.0007808208465576172
0.0007859230041503906
0.000777435302734375
0.0007932662963867187
0.0007779836654663086
0.0007914066314697266
0.0007941007614135742
0.0007991790771484375
0.00081024169921875
0.000805974006652832
0.0007968902587890625
0.0008249282836914062
0.0008124113082885742
0.0008015155792236329
0.000800466537475586
0.0008206367492675781
0.0008157730102539062
0.000807809829711914
0.0008080005645751953
0.000812530517578125
0.0008236408233642578
0.0008093118667602539
0.0008191347122192382
0.0008180379867553711
0.0008466720581054687
0.0008319616317749023
0.0008351325988769532
0.0008143424987792969
0.000835251808166504
0.0008456707000732422
0.0008469820022583008
0.0008433341979980468
0.0008431196212768555
0.0008298873901367188
0.0008357048034667968
0.0008448600769042969
0.0008451223373413086
0.0008405447006225586
0.0008421182632446289
0.0008561134338378907
0.000847315788269043
0.0008551836013793946
0.0008647918701171875
0.0008721828460693359
0.0008483409881591796
0.0008604764938354492
0.0008726119995117188
0.0008588552474975586
0.0008695125579833984
0.000860142707824707
0.0008657217025756836
0.0008769750595092774
0.0008875131607055664
0.0008756160736083984
0.0008792638778686524
0.0008848905563354492
0.0008819103240966797
0.000896000862121582
0.0008951187133789063
0.000973963737487793
0.0008923053741455078
0.0008985042572021484
0.0008959770202636719
0.0008996725082397461
0.0009099245071411133
0.0008963823318481445
0.0009061098098754883
0.0009173393249511719
0.000898432731628418
0.00093231201171875
0.0009072065353393554
0.0009219884872436523
0.0009146928787231445
0.0009183883666992188
0.0009112834930419921
0.0009077548980712891
0.0009207248687744141
0.0009210586547851562
0.0009110689163208008
0.0009250402450561524
0.000934600830078125
0.0009323596954345703
0.0009154319763183594
0.0009235143661499023
0.0009156227111816406
0.000931549072265625
0.0009451866149902344
0.0009386539459228516
0.0009453535079956054
0.0009402990341186524
0.0009263992309570312
0.0009359836578369141
0.000962209701538086
0.0009589433670043945
0.0009437322616577149
0.0009401082992553711
0.0009418010711669921
0.0009581327438354492
0.0009471416473388672
0.0009608745574951171
0.0009630918502807617
0.0009719610214233398
0.0009623050689697265
0.000953507423400879
0.0009801626205444337
0.0009541034698486329
0.0009758472442626953
0.0009811878204345702
0.0009794235229492188
0.0009737968444824219
0.0009977579116821288
0.0009682893753051758
0.0009882450103759766
0.0009966135025024415
0.000988316535949707
0.0009838342666625977
0.0009898900985717773
0.0010043144226074218
0.001004481315612793
0.0009993314743041992
0.0010117053985595702
0.0009852409362792968
0.0010007143020629883
0.0010246992111206054
0.0010159969329833984
0.001005697250366211
0.0009886980056762694
0.0010244131088256836
0.0010113477706909179
0.0010113000869750976
0.0010066270828247071
0.0010155439376831055
0.001045083999633789
0.0010505914688110352
0.001046442985534668
0.001036357879638672
0.0010373353958129882
0.001028299331665039
0.0010201454162597657
0.0010429859161376954
0.0010223388671875
0.0010303497314453126
0.0010411500930786132
0.0010591983795166016
0.0010466337203979491
0.0010418653488159179
0.001043844223022461
0.0010584115982055664
0.0010484218597412109
0.0010447025299072266
0.001042795181274414
0.0010571479797363281
0.001074504852294922
0.001053762435913086
0.0010477781295776367
0.001061415672302246
0.0010601997375488282
0.0010571956634521484
0.0010854482650756836
0.0010633468627929688
0.0010463237762451173
0.001118302345275879
0.0011408805847167968
0.0011374950408935547
0.0010826826095581056
0.0010764360427856444
0.0010856389999389648
0.001096200942993164
0.0010784149169921875
0.0010918617248535157
0.0010812759399414062
0.0010978221893310548
0.0010973453521728516
0.0010944366455078124
0.0010864973068237306
0.0010917901992797852
0.0011024236679077148
0.0011060714721679687
0.0011095046997070313
0.0010984182357788087
0.0010917901992797852
0.0011214256286621095
0.0011148452758789062
0.0011129140853881835
0.0011367559432983398
0.0011477231979370116
0.0011002779006958007
0.001132035255432129
0.0011190176010131836
0.0011263370513916015
0.0011505126953125
0.0011252641677856445
0.0011267662048339844
0.0011324882507324219
0.0011293649673461913
0.0011420011520385741
0.001130366325378418
0.0011515617370605469
0.0011295557022094726
0.001158452033996582
0.001137852668762207
0.0011477947235107421
0.0011392354965209961
0.0011534929275512696
0.0011653661727905273
0.001141190528869629
0.0011568546295166015
0.0011548995971679688
0.001143670082092285
0.0011435747146606445
0.0011614561080932617
0.0011636734008789063
0.0011591434478759766
0.0011676788330078126
0.001167607307434082
0.0011731386184692383
0.0011863946914672852
0.0011797666549682618
0.001182699203491211
0.0011986255645751952
0.001171112060546875
0.001182413101196289
0.0011851072311401367
0.0011740922927856445
0.0012459516525268554
0.001193666458129883
0.001166367530822754
0.0011872053146362305
0.0011821985244750977
0.0011963129043579101
0.0011971950531005859
0.0012118101119995117
0.0011980772018432618
0.0011858463287353516
0.0012016534805297852
0.0012198209762573243
0.0011995553970336914
0.0012067794799804688
0.0012212276458740234
0.001220393180847168
0.0012109518051147462
0.001188206672668457
0.0012184858322143554
0.0012256145477294923
0.0012271642684936524
0.001220107078552246
0.0012299299240112304
0.0012359142303466797
0.001228475570678711
0.0012448549270629883
0.0012179136276245118
0.0012300729751586914
0.0012330293655395507
0.0012340784072875977
0.0012419700622558593
0.0012278318405151366
0.001227736473083496
0.0012403488159179687
0.0012555122375488281
0.001242661476135254
0.0012618303298950195
0.0012500524520874024
0.0012751102447509765
0.0012358427047729492
0.0012615680694580077
0.001249217987060547
0.0012540817260742188
0.0012563467025756836
0.0012666702270507813
0.0012736558914184571
0.0012813568115234374
0.0012687206268310546
0.0012706756591796876
0.0012781858444213868
0.0012660741806030274
0.0012699127197265624
0.001289534568786621
0.001297330856323242
0.0012754678726196289
0.0012833833694458007
0.0012862682342529297
0.001343679428100586
0.0013110637664794922
0.0012765645980834961
0.0012958765029907227
0.0012880802154541016
0.0012903451919555665
0.001294255256652832
0.0012783765792846679
0.0013144493103027343
0.0012970447540283203
0.0013134241104125976
0.0013041257858276366
0.0013251066207885741
0.00130770206451416
0.0013117074966430664
0.001307845115661621
0.0013089656829833984
0.0013448715209960938
0.0013239145278930663
0.001302814483642578
0.001342034339904785
0.0013201475143432618
0.001318073272705078
0.0013361454010009765
0.0013430356979370118
0.0013134241104125976
0.0013215780258178712
0.0013454198837280274
0.0013533353805541993
0.001320648193359375
0.001343679428100586
0.0013676166534423828
0.0013610601425170898
0.0013402223587036133
0.0013524770736694336
0.0013466835021972655
0.0013705968856811523
0.001349020004272461
0.0013741731643676757
0.0013838768005371093
0.0013495922088623048
0.0013394117355346679
0.0013808488845825195
0.0013693571090698242
0.0013744592666625976
0.0013657093048095703
0.0013718128204345704
0.0013842582702636719
0.001372361183166504
0.001386404037475586
0.0013637542724609375
0.0013811826705932618
0.0013917922973632813
0.001457381248474121
0.0013772964477539063
0.0013752460479736328
0.00138399600982666
0.0014006137847900391
0.0014168739318847657
0.0013988733291625977
0.0013891696929931641
0.0014048099517822265
0.0013981342315673828
0.0013988494873046875
0.0014262914657592774
0.0014295101165771485
0.001390361785888672
0.0014174461364746093
0.001403951644897461
0.0014151334762573242
0.0014237403869628907
0.001415252685546875
0.001420879364013672
0.0014376640319824219
0.0014117956161499023
0.0014127254486083984
0.0014215946197509766
0.0014202117919921875
0.001431751251220703
0.0014243364334106446
0.0014294624328613282
0.0014506340026855468
0.0014264583587646484
0.00142364501953125
0.0014276504516601562
0.0014479398727416993
0.0014280080795288086
0.0014501571655273437
0.001448369026184082
0.0014436960220336914
0.0014598369598388672
0.0014607667922973632
0.0014361143112182617
0.001476454734802246
0.0014464378356933594
0.0014794111251831056
0.0014733076095581055
0.0014862537384033204
0.0014599323272705077
0.0014959335327148437
0.0014815330505371094
0.0014909744262695313
0.0014796972274780274
0.0015148162841796876
0.0014900445938110351
0.001469874382019043
0.001471233367919922
0.0014809370040893555
0.0014667272567749023
0.0014873504638671874
0.0014803409576416016
0.0014923810958862305
0.0014968395233154296
0.0015110731124877929
0.001535320281982422
0.0015018463134765625
0.0014751195907592774
0.0015056848526000977
0.001491379737854004
0.0015110969543457031
0.0015108823776245118
0.0015310287475585938
0.0015095233917236327
0.0015050172805786133
0.0015130043029785156
0.0015283346176147461
0.0015303611755371094
0.0015096426010131835
0.0015310287475585938
0.0015344858169555665
0.0015310287475585938
0.0015578746795654296
0.001530933380126953
0.0015258550643920898
0.0015430688858032227
0.001553511619567871
0.0015237092971801757
0.0015479326248168945
0.0015482902526855469
0.0015545368194580078
0.0015481233596801758
0.0015642404556274413
0.0015661239624023438
0.0015706062316894532
0.0015788793563842774
0.0015399456024169922
0.0015682697296142579
0.0015540838241577149
0.001549839973449707
0.001611185073852539
0.0015795230865478516
0.001592874526977539
0.001557779312133789
0.0015604734420776368
0.0015544652938842773
0.0015946388244628905
0.0015612363815307618
0.0015762805938720702
0.0015426158905029296
0.0016211271286010742
0.001589822769165039
0.0015993833541870118
0.0015811681747436523
0.0015702962875366211
0.0015996217727661133
0.0015734434127807617
0.0016050100326538085
0.0015874862670898437
0.0015981674194335937
0.0015926599502563477
0.0016825675964355468
0.001616501808166504
0.0016121864318847656
0.0015998601913452149
0.001605820655822754
0.001598691940307617
0.0016156435012817383
0.001628732681274414
0.0017554521560668944
0.0016391277313232422
0.0016136884689331055
0.0016426324844360351
0.0016146659851074218
0.0016289472579956055
0.001650381088256836
0.001628541946411133
0.0016449928283691407
0.0016194581985473633
0.0016298294067382812
0.0016696453094482422
0.0016426801681518554
0.0016479015350341797
0.0016367673873901368
0.0016322374343872071
0.0016814470291137695
0.0017094850540161134
0.0016494512557983399
0.0016344547271728515
0.0016705989837646484
0.0016418695449829102
0.001675724983215332
0.0016763687133789062
0.0017804145812988282
0.001700115203857422
0.0016614437103271485
0.0016855239868164063
0.0016562938690185547
