0.0004039764404296875
0.0002805233001708984
0.00031769275665283203
0.00031082630157470704
0.0003264904022216797
0.00021512508392333983
0.0002577781677246094
0.00028281211853027345
0.0003038167953491211
0.00022749900817871095
0.0002549886703491211
0.00029354095458984376
0.00033130645751953123
0.00024700164794921875
0.00027606487274169924
0.00029294490814208985
0.0003446340560913086
0.00024385452270507811
0.00026092529296875
0.0002964019775390625
0.0003251552581787109
0.00026006698608398436
0.00029141902923583983
0.00033299922943115235
0.0003637075424194336
0.00027837753295898435
0.000327754020690918
0.00035147666931152345
0.0004802703857421875
0.00030519962310791013
0.00035965442657470703
0.0003063440322875977
0.0004009246826171875
0.00028362274169921873
0.000331425666809082
0.00034775733947753904
0.0004112720489501953
0.000322723388671875
0.00036747455596923827
0.0004057168960571289
0.00045754909515380857
0.00034458637237548827
0.000378108024597168
0.00041136741638183596
0.0004121065139770508
0.00033812522888183595
0.0003843069076538086
0.0004139423370361328
0.0004658699035644531
0.00035135746002197267
0.00041031837463378906
0.0004339933395385742
0.0005117416381835938
0.00038521289825439454
0.00044391155242919924
0.0004434108734130859
0.0005192279815673829
0.0003454923629760742
0.0003983020782470703
0.0004279613494873047
0.000494837760925293
0.000358271598815918
0.0004435300827026367
0.00046398639678955076
0.0005642414093017578
0.00041179656982421876
0.00048675537109375
0.0004959344863891601
0.0005687713623046875
0.000435638427734375
0.00044081211090087893
0.0004897832870483399
0.0005545377731323242
0.0004091501235961914
0.000469970703125
0.0005096197128295898
0.0005849599838256836
0.00046095848083496096
0.0005314111709594727
0.0005541324615478515
0.0006018877029418945
0.00048363208770751953
0.0005517244338989258
0.000514531135559082
0.0005948781967163086
0.0004608392715454102
0.0005410432815551758
0.000586247444152832
0.0006628990173339844
0.000511622428894043
0.0005917787551879883
0.0006255149841308594
0.0006889820098876954
0.0005217552185058594
0.0005929708480834961
0.0006268739700317383
0.0005865335464477539
0.0004937648773193359
0.0005750894546508789
0.0005959033966064453
0.0006648778915405273
0.000510549545288086
0.0005791664123535156
0.0006697654724121093
0.0007432222366333008
0.0005686998367309571
0.0006441116333007812
0.0006625652313232422
0.0007587432861328125
0.0005223751068115234
0.0006016254425048828
0.0006376504898071289
0.000715947151184082
0.0005438089370727539
0.0006281614303588867
0.0006779670715332031
0.000804734230041504
0.0006106615066528321
0.0007060527801513672
0.0007000923156738281
0.0008053302764892579
0.0006422758102416992
0.0006365537643432617
0.0007313966751098632
0.0007900714874267579
0.0006007671356201172
0.0006965398788452148
0.0007658243179321289
0.0008494138717651367
0.0006730794906616211
0.000762772560119629
0.0008016824722290039
0.0008867979049682617
0.0006615400314331054
0.0007513523101806641
0.0006694555282592774
0.0008214950561523437
0.000642085075378418
0.0007233619689941406
0.0007434368133544921
0.00085601806640625
0.0006581544876098633
0.0007920980453491211
0.0008468866348266601
0.0009517669677734375
0.0006753206253051758
0.0007791757583618164
0.0008376121520996093
0.0007917404174804688
0.0006824731826782227
0.0007599353790283203
0.0007834196090698242
0.0009203433990478515
0.0007177591323852539
0.0007975101470947266
0.0008739471435546875
0.0009923934936523437
0.0007999420166015625
0.0008651256561279297
0.0009159326553344726
0.0010225772857666016
0.0007193803787231446
0.0008284568786621094
0.0009098529815673828
0.0009682416915893554
0.0008388757705688477
0.0009167909622192383
0.0009717941284179688
0.0011066913604736329
0.0008731365203857421
0.0009613037109375
0.0010291099548339843
0.0011201620101928711
0.0008591413497924805
0.0008067846298217774
0.0009206533432006836
0.0010356426239013672
0.0008054971694946289
0.0009066581726074219
0.0009490966796875
0.001120758056640625
0.0008425235748291016
0.0009769439697265626
0.0010480880737304688
0.0011452198028564452
0.0008871316909790039
0.0009826898574829101
0.0009190797805786133
0.0010437965393066406
0.0008305072784423828
0.0009523630142211914
0.000995945930480957
0.001157379150390625
0.0008812189102172851
0.0010509014129638672
0.0010979652404785156
0.001217818260192871
0.0009702920913696289
0.0010953903198242187
0.0011148691177368165
0.0011338472366333007
0.000946807861328125
0.0010397672653198243
0.0011020660400390624
0.0012152671813964843
0.0009761333465576171
0.001129317283630371
0.001240992546081543
0.001322174072265625
0.0010625600814819336
0.0011936426162719727
0.0012113332748413086
0.001320481300354004
0.0009587287902832031
0.0010551929473876954
0.0011780500411987306
0.0012814760208129882
0.000992155075073242
0.0011163711547851562
0.001187276840209961
0.0013617277145385742
0.0010266542434692384
0.0011893510818481445
0.0011777639389038085
0.0013859987258911133
0.001069045066833496
0.001054692268371582
0.001143503189086914
0.0012893915176391602
0.0010040521621704102
0.0011739492416381835
0.0012013435363769532
0.0013712644577026367
0.0011129379272460938
0.0012543916702270508
0.0013260126113891601
0.0014635801315307617
0.0010979890823364258
0.001300811767578125
0.0011226654052734375
0.0013385772705078124
0.0010947227478027345
0.0012058258056640626
0.0014380931854248047
0.0014538049697875976
0.001179671287536621
0.0013754129409790038
0.0014253616333007812
0.001556992530822754
0.0012341737747192383
0.0013889312744140626
0.0014507532119750976
0.0013681888580322266
0.0011863231658935547
0.0012935400009155273
0.0013453006744384766
0.0014726638793945313
0.0012141704559326173
0.001356959342956543
0.0014534711837768555
0.001618361473083496
0.0012027740478515625
0.0013705968856811523
0.0013837099075317382
0.001587224006652832
0.0011888265609741211
0.0013062477111816407
0.0014165639877319336
0.0015199899673461914
0.0012010574340820313
0.001342940330505371
0.0014953374862670898
0.0016682863235473633
0.0013193130493164063
0.001464986801147461
0.0015059947967529298
0.0016346454620361328
0.0013556480407714844
0.0013127565383911134
0.001466226577758789
0.0015961408615112304
0.0012646913528442383
0.001434636116027832
0.0015336036682128905
0.0017534255981445312
0.0014511346817016602
0.0016430377960205077
0.0017261981964111328
0.0018847465515136718
0.0014493227005004882
0.0016015291213989258
0.0014290571212768554
0.0016748666763305663
0.0013530969619750977
0.0015179872512817382
0.001584935188293457
0.0017849206924438477
0.0014290571212768554
0.00167539119720459
0.001702284812927246
0.0019230365753173829
0.0014898061752319336
0.0016258478164672852
0.0016242265701293945
0.0015595674514770508
0.001403474807739258
0.0015831708908081055
0.0015807390213012696
0.0018005609512329102
0.0014433145523071289
0.0016341447830200196
0.0017559289932250976
0.001921701431274414
0.001522231101989746
0.0017076492309570312
0.0017447233200073241
0.0019606590270996095
0.0014121294021606444
0.0016138553619384766
0.001780557632446289
0.0018877983093261719
0.0015167951583862304
0.0016929149627685548
0.0018545627593994141
0.0020779848098754885
0.0017092466354370118
0.0018877744674682616
0.0019986867904663087
0.002082371711730957
0.001719832420349121
0.0017128944396972655
0.001816725730895996
0.0019078254699707031
0.0015957355499267578
0.0017351627349853516
0.0018921136856079102
0.0021047115325927733
0.0017239809036254882
0.0019026756286621093
0.0019781827926635743
0.0022152423858642577
0.001634359359741211
0.0018761873245239258
0.0016314983367919922
0.0020104408264160155
0.001626276969909668
0.0018139123916625977
0.0019325733184814454
0.0021249532699584963
0.0017328977584838868
0.0020755767822265626
0.0019980430603027343
0.002172565460205078
0.0017559528350830078
0.0019464731216430665
0.0019580602645874025
0.002045893669128418
0.0017253637313842773
0.0018729686737060547
0.0018942594528198243
0.0021515130996704102
0.0017672061920166015
0.0020234107971191405
0.0021378040313720704
0.0023928165435791017
0.0019339561462402345
0.0020750999450683595
0.002198529243469238
0.0023944854736328127
0.0017728090286254882
0.0020044803619384765
0.0020654916763305662
0.002234196662902832
0.001820850372314453
0.002044486999511719
0.002248525619506836
0.002353525161743164
0.001908278465270996
0.0021758317947387696
0.0022143125534057617
0.0024953126907348634
0.0018465042114257813
0.0019355535507202149
0.0019912481307983398
0.002367591857910156
0.0017981290817260741
0.0019608736038208008
0.00205378532409668
0.0024407625198364256
0.0019515752792358398
0.002205514907836914
0.0022629261016845702
0.0025880813598632814
0.0019571065902709963
0.00214238166809082
0.002042222023010254
0.002196192741394043
0.0018927097320556641
0.0020931243896484377
0.0022055864334106444
0.0026654481887817385
0.0020562887191772463
0.0024550437927246095
0.002359318733215332
0.0027555227279663086
0.0022579431533813477
0.002411818504333496
0.002572321891784668
0.0025989532470703123
0.0021331310272216797
0.0022992849349975585
0.0023128271102905275
0.0025319814682006835
0.0020749807357788087
0.0023150205612182616
0.0024779558181762694
0.0029676675796508787
0.0022888898849487303
0.0025129318237304688
0.00256199836730957
0.002781319618225098
0.002087831497192383
0.0023198604583740236
0.0023009061813354494
0.002593207359313965
0.0020609140396118165
0.002337527275085449
0.002587413787841797
0.0028293371200561524
0.0022871017456054686
0.0025416851043701173
0.0025094985961914063
0.002838277816772461
0.0022489070892333985
0.0022211790084838865
0.0024494171142578126
0.0026415348052978515
0.0020847558975219727
0.002370309829711914
0.0025149106979370115
0.002869439125061035
0.002356290817260742
0.0026685237884521485
0.002844977378845215
0.0030542850494384766
0.0024277687072753905
0.0027266740798950195
0.002616572380065918
0.0028831005096435548
0.0023344278335571287
0.002602362632751465
0.002741694450378418
0.0029917478561401365
0.0023782968521118162
0.0027595996856689454
0.0028718948364257813
0.0030151844024658204
0.002513408660888672
0.002797985076904297
0.0028326749801635743
0.0027248382568359373
0.0022718429565429686
0.0025528907775878907
0.002589988708496094
0.002964901924133301
0.0024660587310791015
0.0027390003204345705
0.002838611602783203
0.0032640933990478516
0.0026654481887817385
0.002759552001953125
0.0028243064880371094
0.0030640602111816407
0.0023032426834106445
0.0025701522827148438
0.0027191638946533203
0.0029677867889404295
0.002423858642578125
0.0026941537857055665
0.002913951873779297
0.003221583366394043
0.0026628255844116213
0.002941131591796875
0.003177905082702637
0.003253650665283203
0.00263671875
0.002690243721008301
0.0028519630432128906
0.0031118154525756835
0.0025119781494140625
0.0027494192123413085
0.002906608581542969
0.003205013275146484
0.0026292324066162108
0.002904343605041504
0.0029687881469726562
0.0033215999603271483
0.0027155637741088866
0.002911376953125
0.002726149559020996
0.0030887842178344725
0.0024546146392822265
0.0027191638946533203
0.002794480323791504
0.003165721893310547
0.0026331186294555665
0.0028592586517333985
0.003113675117492676
0.003128528594970703
0.0026626825332641602
0.0029047250747680662
0.0030097723007202148
0.0030774593353271483
0.0025406599044799803
0.0028610467910766602
0.002894473075866699
0.0031409978866577147
0.0026821613311767576
0.002967381477355957
0.00314176082611084
0.0034688711166381836
0.002890348434448242
0.0030953168869018556
0.0033555030822753906
0.0035914182662963867
0.0026400089263916016
0.003058028221130371
0.0032422780990600587
0.0034218549728393553
0.0028215885162353516
0.0030601978302001952
0.0032405853271484375
0.0034584760665893554
0.0029305934906005858
0.0031777620315551758
0.00332493782043457
0.003630399703979492
0.0030021905899047852
0.002907538414001465
0.0031662225723266602
0.0033052921295166015
0.0025689125061035155
0.0029985666275024413
0.003260231018066406
0.0034894704818725585
0.0028845548629760744
0.0032439947128295897
0.003424215316772461
0.0035216808319091797
0.002853536605834961
0.0031617403030395506
0.002985572814941406
0.0034324169158935548
0.0027297496795654296
0.0029983043670654295
0.0031328678131103517
0.003509235382080078
0.002930355072021484
0.003318166732788086
0.003425288200378418
0.003811955451965332
0.003102540969848633
0.0033585071563720704
0.0035019397735595705
0.0036326885223388673
0.003049302101135254
0.0033501625061035157
0.0033581018447875976
0.0037558317184448243
0.003146076202392578
0.0034703731536865233
0.0036055326461791994
0.003991150856018066
0.0032889842987060547
0.0035854339599609374
0.0035301685333251954
0.0039966821670532225
0.003120756149291992
0.0032956838607788087
0.003387641906738281
0.003714299201965332
0.002943897247314453
0.0033535003662109376
0.0036620855331420898
0.003988575935363769
0.0033236265182495115
0.0036247730255126952
0.0037285566329956056
0.00390627384185791
0.0032666921615600586
0.0031771421432495116
0.0034359216690063475
0.0037274599075317384
0.0029923677444458007
0.003261756896972656
0.0036239862442016602
0.003881096839904785
0.003249359130859375
0.0036458492279052733
0.003879737854003906
0.004127645492553711
0.003389143943786621
0.003664708137512207
0.003528904914855957
0.0038959264755249025
0.003253173828125
0.0035775423049926756
0.003629469871520996
0.004029130935668946
0.0033874034881591795
0.003819727897644043
0.003812861442565918
0.004194307327270508
0.003492879867553711
0.0037263870239257813
0.0038811206817626954
0.003822922706604004
0.0033150196075439455
0.0035353899002075195
0.0036931753158569334
0.003923726081848144
0.0032312154769897463
0.003536677360534668
0.0038469791412353515
0.004271030426025391
0.0034317970275878906
0.003665661811828613
0.0036890268325805663
0.0040716886520385746
0.003177785873413086
0.003519010543823242
0.0035327911376953126
0.003963279724121094
0.00320737361907959
0.0034872055053710937
0.003934645652770996
0.00431520938873291
0.0035799741744995117
0.003975915908813477
0.0038367271423339843
0.00467832088470459
0.0036284923553466797
0.003788280487060547
0.003935670852661133
0.004302597045898438
0.003431081771850586
0.0038620471954345704
0.00417780876159668
0.004643535614013672
0.0038079023361206055
0.004096341133117676
0.004347753524780273
0.00447535514831543
0.003708481788635254
0.004045891761779785
0.003730487823486328
0.004138851165771484
0.0034909963607788084
0.003834033012390137
0.003927707672119141
0.004391264915466308
0.0033927202224731446
0.003887033462524414
0.004212403297424316
0.004560065269470215
0.0036063432693481446
0.003910040855407715
0.004097676277160645
0.0040034294128417965
0.0034972667694091798
0.003776955604553223
0.003867626190185547
0.0041618824005126955
0.003452777862548828
0.00391545295715332
0.004181671142578125
0.0046082019805908205
0.0038391590118408204
0.004161620140075683
0.004214668273925781
0.004670429229736328
0.003583836555480957
0.0040218114852905275
0.004271078109741211
0.004509520530700683
0.003762674331665039
0.004248261451721191
0.004598402976989746
0.0048408985137939455
0.004021000862121582
0.004631209373474121
0.004583001136779785
0.0047760009765625
0.004073905944824219
0.004008364677429199
0.004325509071350098
0.004592347145080567
0.003847360610961914
0.004222393035888672
0.0043664216995239254
0.004880499839782715
0.003911495208740234
0.004255604743957519
0.004556131362915039
0.004935717582702637
0.003888249397277832
0.004440164566040039
0.004041552543640137
0.0044575691223144535
0.0038116931915283202
0.004199957847595215
0.004315066337585449
0.004814410209655761
0.003938484191894531
0.004355955123901367
0.004560017585754394
0.00505216121673584
0.00407564640045166
0.004531693458557129
0.004701590538024903
0.004682612419128418
0.003976082801818848
0.004330825805664062
0.004381895065307617
0.004839777946472168
0.004145097732543945
0.004594111442565918
0.004956579208374024
0.005314469337463379
0.004369997978210449
0.004696512222290039
0.004808473587036133
0.0051482200622558595
0.003873395919799805
0.004409217834472656
0.004651999473571778
0.004918527603149414
0.00414736270904541
0.004467487335205078
0.004796409606933593
0.005243420600891113
0.004078793525695801
0.004588937759399414
0.004626011848449707
0.005248427391052246
0.004153037071228027
0.004289007186889649
0.004545807838439941
0.00486602783203125
0.003946423530578613
0.004361438751220703
0.004510140419006348
0.005017924308776856
0.004172682762145996
0.004648256301879883
0.004756927490234375
0.005326271057128906
0.004436898231506348
0.004721164703369141
0.004224658012390137
0.0048942089080810545
0.004088568687438965
0.004515981674194336
0.004837155342102051
0.005278158187866211
0.004517316818237305
0.005221676826477051
0.005240321159362793
0.005513620376586914
0.004724359512329102
0.005028462409973145
0.005110597610473633
0.004767036437988282
0.004289436340332031
0.0046630859375
0.0046890020370483395
0.005215501785278321
0.004330992698669434
0.004792141914367676
0.004985213279724121
0.00561375617980957
0.004287528991699219
0.004613542556762695
0.004757499694824219
0.005969524383544922
0.004064750671386719
0.0045994997024536135
0.004828095436096191
0.005093717575073242
0.004343843460083008
0.004646158218383789
0.004953598976135254
0.0054065465927124025
0.0045081377029418945
0.004866456985473633
0.005186676979064941
0.005546307563781739
0.004628968238830566
0.0043667078018188475
0.00482943058013916
0.005271363258361817
0.004406428337097168
0.004906201362609863
0.005192232131958008
0.005855274200439453
0.004836630821228027
0.005333566665649414
0.0057743310928344725
0.005939650535583496
0.005006051063537598
0.0053479671478271484
0.004971837997436524
0.005190086364746094
0.0047043561935424805
0.005108952522277832
0.005258750915527344
0.005745077133178711
0.004853963851928711
0.005438160896301269
0.0057441949844360355
0.005976414680480957
0.004494190216064453
0.005185842514038086
0.0054759979248046875
0.004956531524658203
0.004809165000915527
0.005158782005310059
0.005086469650268555
0.005723810195922852
0.004824280738830566
0.005129170417785644
0.005645632743835449
0.006061959266662598
0.004881930351257324
0.005240416526794434
0.005510520935058594
0.00599367618560791
0.004717421531677246
0.005005741119384765
0.005440807342529297
0.00565648078918457
0.004816174507141113
0.005254101753234863
0.00556027889251709
0.006160664558410645
0.005195069313049317
0.005602550506591797
0.005790162086486817
0.006352996826171875
0.005275154113769531
0.005108857154846191
0.0055991411209106445
0.005758428573608398
0.005031132698059082
0.005413126945495605
0.005512881278991699
0.006123113632202149
0.0051182031631469725
0.005647969245910644
0.005874347686767578
0.006261014938354492
0.004752802848815918
0.005466032028198242
0.004804635047912597
0.005547857284545899
0.004999113082885742
0.005242705345153809
0.0053966760635375975
0.00606839656829834
0.004973602294921875
0.005545139312744141
0.005529022216796875
0.006026458740234375
0.005045413970947266
0.005451083183288574
0.005735158920288086
0.005845117568969727
0.004975819587707519
0.005403447151184082
0.0054443120956420895
0.0059192895889282225
0.005050945281982422
0.005555558204650879
0.0059748411178588865
0.006525564193725586
0.0056286811828613285
0.006163167953491211
0.006200313568115234
0.006686592102050781
0.005083203315734863
0.005613255500793457
0.005831670761108398
0.006105732917785644
0.0050827980041503905
0.005539393424987793
0.005947613716125488
0.006352734565734863
0.005352115631103516
0.005855941772460937
0.005958294868469239
