0.0004877328872680664
0.0004497051239013672
0.00043256282806396483
0.0004187583923339844
0.0004396200180053711
0.00044548511505126953
0.0004182577133178711
0.00043554306030273436
0.0004511594772338867
0.0004564046859741211
0.00047113895416259763
0.00048530101776123047
0.0004614591598510742
0.0004982471466064454
0.00048043727874755857
0.0005419015884399414
0.000513458251953125
0.0005284309387207031
0.0005231857299804688
0.0005556106567382813
0.0005259990692138671
0.0005680322647094727
0.0005633115768432617
0.0005788087844848632
0.0005591869354248047
0.0005836963653564453
0.0006079673767089844
0.000616145133972168
0.0006068944931030273
0.0006045341491699219
0.0006486892700195313
0.0006319284439086914
0.0006528139114379883
0.000651693344116211
0.0006835222244262696
0.0006733179092407226
0.0006942272186279297
0.0007166147232055664
0.0007085800170898438
0.0007147789001464844
0.0007210016250610351
0.0007525920867919922
0.0007610559463500976
0.0007762908935546875
0.0007751703262329102
0.0007762908935546875
0.0007918357849121093
0.0008168935775756836
0.0008217096328735352
0.0007921934127807617
0.0008400440216064453
0.0008547782897949218
0.0008546829223632813
0.0009038209915161133
0.0008823156356811523
0.000926518440246582
0.0008925914764404297
0.0009076595306396484
0.0009216547012329101
0.0009413003921508789
0.0009531021118164062
0.0009767770767211913
0.0009910106658935548
0.0010270357131958007
0.001009082794189453
0.0010115623474121094
0.0009907245635986327
0.0010515451431274414
0.0010667562484741211
0.0010672569274902343
0.0010640859603881837
0.001062774658203125
0.0011121749877929688
0.0011101961135864258
0.0011196374893188477
0.0011594295501708984
0.001143026351928711
0.001163339614868164
0.0012211561203002929
0.0011828422546386718
0.00118563175201416
0.0012421131134033204
0.0012609243392944336
0.0012399911880493163
0.001261734962463379
0.001274704933166504
0.0013092041015625
0.0012652873992919922
0.0012770652770996093
0.0012968778610229492
0.0013276100158691405
0.0013177871704101562
0.0013680696487426759
0.0014195442199707031
0.0014186859130859374
0.0013979434967041015
0.001462101936340332
0.0014652013778686523
0.0014545679092407226
0.0014782428741455078
0.0015128612518310546
0.0014989614486694337
0.0015345096588134765
0.0015783071517944335
0.0015595912933349609
0.001539921760559082
0.0016943693161010742
0.0015598535537719727
0.0016310691833496093
0.0016201972961425782
0.0016271591186523438
0.0016764402389526367
0.0016737937927246093
0.0016543865203857422
0.0017027854919433594
0.0017063140869140625
0.0017338037490844727
0.0017128705978393555
0.0018096208572387696
0.0018106698989868164
0.001796722412109375
0.0018172740936279296
0.0018477439880371094
0.001888275146484375
0.0018404722213745117
0.0018829107284545898
0.0018822193145751954
0.0018841743469238282
0.0019136190414428711
0.0019607067108154295
0.0019550561904907227
0.0020400524139404298
0.0020273447036743162
0.0020235300064086912
0.0020127058029174804
0.002084159851074219
0.001997041702270508
0.002107834815979004
0.0020903587341308595
0.0021596431732177736
0.002165341377258301
0.002161741256713867
0.002132153511047363
0.0021878957748413088
0.002171611785888672
0.0022285938262939452
0.002273297309875488
0.002286052703857422
0.0022552490234375
0.002309155464172363
0.002330493927001953
0.002330327033996582
0.0023697853088378907
0.002472805976867676
0.0023961782455444334
0.0024079799652099608
0.0024443626403808593
0.0024434566497802735
0.002509403228759766
0.0025289058685302734
0.0024984598159790037
0.0025210857391357424
0.0025095462799072264
0.0025877952575683594
0.002587151527404785
0.002636432647705078
0.0026145219802856446
0.00267484188079834
0.002686738967895508
0.002686476707458496
0.0027219533920288088
0.0027539730072021484
0.002804851531982422
0.002762436866760254
0.0028211593627929686
0.002814459800720215
0.0028430700302124025
0.0029214143753051756
0.0028612613677978516
0.0028753757476806642
0.002855849266052246
0.002952909469604492
0.003008532524108887
0.0030059099197387697
0.003099370002746582
0.0030689477920532227
0.0031324148178100584
0.0030730724334716796
0.0030938863754272463
0.0031412124633789064
0.003213191032409668
0.0031767845153808593
0.003199195861816406
0.003205275535583496
0.003235054016113281
0.003239607810974121
0.0032937049865722655
0.0033345937728881834
0.003328561782836914
0.0033802032470703126
0.003362894058227539
0.003455233573913574
0.003371739387512207
0.0034743547439575195
0.0034099817276000977
0.0036126375198364258
0.003513026237487793
0.003524184226989746
0.0035379648208618162
0.0035377264022827147
0.0036371946334838867
0.003604626655578613
0.0037122488021850584
0.003668475151062012
0.0035831451416015623
0.003816556930541992
0.0037298202514648438
0.003731250762939453
0.0037880659103393553
0.003782963752746582
0.003994941711425781
0.0038072347640991213
0.0039585351943969725
0.003893756866455078
0.004005312919616699
0.003955769538879395
0.003970646858215332
0.004049158096313477
0.004093146324157715
0.004042220115661621
0.004111027717590332
0.004168152809143066
0.0041504383087158205
0.004173946380615234
0.004194021224975586
0.0043015718460083004
0.0042454242706298825
0.00433652400970459
0.0043421506881713865
0.004482817649841308
0.004446697235107422
0.004396486282348633
0.004538822174072266
0.004468607902526856
0.004485702514648438
0.004439401626586914
0.004659914970397949
0.004559731483459473
0.004584670066833496
0.004684162139892578
0.0046508550643920895
0.004771876335144043
0.004719424247741699
0.004809951782226563
0.004866504669189453
0.004771780967712402
0.0048754215240478516
0.004845547676086426
0.004941320419311524
0.004993796348571777
0.0049740314483642575
0.0049414396286010746
0.005109119415283203
0.005002045631408691
0.005079436302185059
0.005128169059753418
0.005032730102539062
0.005303645133972168
0.005184745788574219
0.005248308181762695
0.005266523361206055
0.005201792716979981
0.005427956581115723
0.0054214239120483395
0.005339312553405762
0.005424904823303223
0.0053485393524169925
0.005510878562927246
0.005493807792663574
0.005716943740844726
0.005476903915405273
0.005561971664428711
0.005709099769592285
0.005663347244262695
0.005818080902099609
0.005664753913879395
0.005748391151428223
0.0057348966598510746
0.0057844877243041996
0.005819463729858398
0.00588538646697998
0.005993771553039551
0.005958080291748047
0.0059533357620239254
0.006181859970092773
0.005976033210754394
0.006042695045471192
0.006089615821838379
0.006198239326477051
0.006159663200378418
0.006200361251831055
0.006287932395935059
0.006349015235900879
0.006373405456542969
0.006309008598327637
0.006432580947875977
0.006386947631835937
0.006468582153320313
0.00657341480255127
0.006595778465270996
0.006510329246520996
0.006717252731323242
0.006644225120544434
0.006551814079284668
0.006683659553527832
0.006705665588378906
0.006802606582641602
0.006871438026428223
0.006789064407348633
0.006875395774841309
0.0068443059921264645
0.0068831205368041996
0.007054376602172852
0.007009816169738769
0.00718076229095459
0.007071685791015625
0.007115411758422852
0.007187700271606446
0.007289814949035645
0.007224822044372558
0.007309174537658692
0.00722198486328125
0.007490420341491699
0.0074719667434692385
0.007342934608459473
0.00750274658203125
0.007478547096252441
0.007473158836364746
0.007615494728088379
0.007600855827331543
0.007689619064331054
0.007626962661743164
0.0076519489288330075
0.007751941680908203
0.007710003852844238
0.007846331596374512
0.007910680770874024
0.007838153839111328
0.007915663719177245
0.008114457130432129
0.008049535751342773
0.007994937896728515
0.008037137985229491
0.008152914047241212
0.00825035572052002
0.008218717575073243
0.008097672462463379
0.00816795825958252
0.008182239532470704
0.008483195304870605
0.008393192291259765
0.008588480949401855
0.008442020416259766
0.008630013465881348
0.008559489250183105
0.008622550964355468
0.008588886260986328
0.008665013313293456
0.008620166778564453
0.008687496185302734
0.008961796760559082
0.008832406997680665
0.009123110771179199
0.008885455131530762
0.008897113800048827
0.009026098251342773
0.009160780906677246
0.009112262725830078
0.009236574172973633
0.00915234088897705
0.00937349796295166
0.009248065948486327
0.009349536895751954
0.009465169906616212
0.009361362457275391
0.009320664405822753
0.009568548202514649
0.009507107734680175
0.009417176246643066
0.0096970796585083
0.009711670875549316
0.009719634056091308
0.009540057182312012
0.009870457649230956
0.00961909294128418
0.009772801399230957
0.010025739669799805
0.009930181503295898
0.009851551055908203
0.010019969940185548
0.010734295845031739
0.010269880294799805
0.010194921493530273
0.010502314567565918
0.010485959053039551
0.01042795181274414
0.010765361785888671
0.010590958595275878
0.010811638832092286
0.010736227035522461
0.010654473304748535
0.010770034790039063
0.01099696159362793
0.010941743850708008
0.010954952239990235
0.010873365402221679
0.01109309196472168
0.011027264595031738
0.011274099349975586
0.011086368560791015
0.01120448112487793
0.011091399192810058
0.011424875259399414
0.011327719688415528
0.011401510238647461
0.011392688751220703
0.011638236045837403
0.011359524726867676
0.01175549030303955
0.011604499816894532
0.011551594734191895
0.011681103706359863
0.011675119400024414
0.01245100498199463
0.011755919456481934
0.011898612976074219
0.012093377113342286
0.011956405639648438
0.012177133560180664
0.011935591697692871
0.011984753608703613
0.012094902992248534
0.012128758430480956
0.012363362312316894
0.012444138526916504
0.012479448318481445
0.012432479858398437
0.012559604644775391
0.012447834014892578
0.012680292129516602
0.012721991539001465
0.012653589248657227
0.012512516975402833
0.012780904769897461
0.01292262077331543
0.012720227241516113
0.012706613540649414
0.013017582893371581
0.01320791244506836
0.013065552711486817
0.01309661865234375
0.013435626029968261
0.013184714317321777
0.013120245933532716
0.013391757011413574
0.013242125511169434
0.013428211212158203
0.013475656509399414
0.013196372985839843
0.013584613800048828
0.013586091995239257
0.013667917251586914
0.013760924339294434
0.01380751132965088
0.013706612586975097
0.013892459869384765
0.013988876342773437
0.013808655738830566
0.013910198211669922
0.014133501052856445
0.014202404022216796
0.014159965515136718
0.014185762405395508
0.01448807716369629
0.014372825622558594
0.014267420768737793
0.014285469055175781
0.014542174339294434
0.014494991302490235
0.01469748020172119
0.014681077003479004
0.014594078063964844
0.014657855033874512
0.014694285392761231
0.015101408958435059
0.014790558815002441
0.014999485015869141
0.014953374862670898
0.015058588981628419
0.015116429328918457
0.015493297576904297
0.015167427062988282
0.015095806121826172
0.015086770057678223
0.015326619148254395
0.015666961669921875
0.015466070175170899
0.015502595901489257
0.01556096076965332
0.015391826629638672
0.015305852890014649
0.015682077407836913
0.015400409698486328
0.015766096115112305
0.01579761505126953
0.01595616340637207
0.0159740686416626
0.016040897369384764
0.016136646270751953
0.015952157974243163
0.016031718254089354
0.015943574905395507
0.01621401309967041
0.01656529903411865
0.016260313987731933
0.01659259796142578
0.016435766220092775
0.016623783111572265
0.016617584228515624
0.01644852161407471
0.016804218292236328
0.01667635440826416
0.016732549667358397
0.01672806739807129
0.016803693771362305
0.017093181610107422
0.016789913177490234
0.017180204391479492
0.016978359222412108
0.017135262489318848
0.017232608795166016
0.017119288444519043
0.01742897033691406
0.01737973690032959
0.01746981143951416
0.017468023300170898
0.01747763156890869
0.017636537551879883
0.0178164005279541
0.017751526832580567
0.017692947387695314
0.017948389053344727
0.017980313301086424
0.017949247360229494
0.017900633811950683
0.018017506599426268
0.017941999435424804
0.018382692337036134
0.018154835700988768
0.018522930145263673
0.018358325958251952
0.018230152130126954
0.018275189399719238
0.018594121932983397
0.01900150775909424
0.018597722053527832
0.01858842372894287
0.018911147117614747
0.018626880645751954
0.019048643112182618
0.0189969539642334
0.018735790252685548
0.01903555393218994
0.018970203399658204
0.019078993797302247
0.019135475158691406
0.01891653537750244
0.019151067733764647
0.01986041069030762
0.019374680519104005
0.019580149650573732
0.019333934783935545
0.019475603103637697
0.01981651782989502
0.019694304466247557
0.01961684226989746
0.019879961013793947
0.020254969596862793
0.020423746109008788
0.02008204460144043
0.02023777961730957
0.020177602767944336
0.020217704772949218
0.021209716796875
0.021087241172790528
0.02031259536743164
0.02232353687286377
0.020302176475524902
0.020746183395385743
0.020896172523498534
0.02105867862701416
0.020928430557250976
0.020705509185791015
0.020977592468261717
0.021152830123901366
0.021029448509216307
0.021024560928344725
0.02122325897216797
0.021471571922302247
0.02114412784576416
0.02148129940032959
0.021428251266479494
0.021213316917419435
0.021460604667663575
0.021578025817871094
0.02185180187225342
0.021811509132385255
0.021773457527160645
0.021760225296020508
0.021570038795471192
0.022072410583496092
0.021973299980163574
0.021937084197998048
0.02237575054168701
0.021902990341186524
0.02241683006286621
0.02227175235748291
0.022625327110290527
0.022374963760375975
0.022459030151367188
0.022517681121826172
0.022405242919921874
0.022844624519348145
0.022034239768981934
0.02283134460449219
0.02278909683227539
0.02302260398864746
0.02333958148956299
0.023143458366394042
0.023424100875854493
0.023128318786621093
0.023377656936645508
0.023468756675720216
0.023526859283447266
0.023389244079589845
0.02369692325592041
0.023681497573852538
0.023798561096191405
0.02400069236755371
0.023725128173828124
0.023744893074035645
0.023708391189575195
0.023797941207885743
0.023865771293640137
0.02399423122406006
0.024060392379760744
0.02447662353515625
0.024165940284729005
0.024648594856262206
0.024698352813720702
0.024373078346252443
0.02448420524597168
0.024799442291259764
0.024836206436157228
0.024709630012512206
0.02494065761566162
0.02507166862487793
0.025101494789123536
0.025089001655578612
0.025181055068969727
0.02514028549194336
0.025264430046081542
0.025145602226257325
0.02550230026245117
0.025832104682922363
0.025527310371398926
0.025817513465881348
0.02557659149169922
0.025700926780700684
0.02565798759460449
0.025855255126953126
0.02597837448120117
0.026120567321777345
0.026442599296569825
0.026367449760437013
0.026312804222106932
0.02660675048828125
0.02624368667602539
0.026707172393798828
0.026690912246704102
0.026905584335327148
0.026752352714538574
0.026689815521240234
0.026841211318969726
0.02694087028503418
0.027161264419555665
0.026973032951354982
0.02720775604248047
0.02681703567504883
0.027002453804016113
0.027428293228149415
0.027142333984375
0.027471113204956054
0.02756946086883545
0.02786581516265869
0.02775566577911377
0.027695751190185545
0.028025031089782715
0.027886676788330077
0.027827954292297362
0.027826261520385743
0.028051090240478516
0.028080201148986815
0.028196549415588378
0.028054308891296387
0.028516411781311035
0.028411221504211426
0.028262948989868163
0.028466677665710448
0.028621721267700195
0.028601861000061034
0.028769755363464357
0.029028606414794923
0.02883193492889404
0.028873682022094727
0.028719425201416016
0.02912144660949707
0.028905391693115234
0.028899645805358885
0.02942359447479248
0.02901022434234619
0.02954106330871582
0.029407095909118653
0.02938368320465088
0.02947688102722168
0.029905867576599122
0.02978200912475586
0.02940046787261963
0.030020809173583983
0.02994694709777832
0.03037552833557129
0.030276155471801756
0.03019571304321289
0.030586504936218263
0.0303985595703125
0.030225586891174317
0.0302584171295166
0.030371928215026857
0.031092023849487303
0.03103315830230713
0.03137383460998535
0.03080301284790039
0.030739617347717286
0.03149077892303467
0.031272387504577635
0.031072664260864257
0.03157749176025391
0.03148794174194336
0.03138377666473389
0.03125150203704834
0.031704068183898926
0.03169701099395752
0.031447744369506835
0.03192451000213623
0.03210766315460205
0.032190465927124025
0.03227548599243164
0.0328331708908081
0.031780028343200685
0.03221330642700195
0.03209588527679443
0.03252580165863037
0.03309168815612793
0.03239758014678955
0.03226745128631592
0.032638168334960936
0.033075928688049316
0.033303141593933105
0.032634615898132324
0.032871794700622556
0.03296983242034912
0.03307645320892334
0.033460021018981934
0.03373384475708008
0.03346307277679443
0.0337831974029541
0.03413963317871094
0.03366672992706299
0.033618378639221194
0.03356525897979736
0.03436441421508789
0.03425307273864746
0.03410153388977051
0.03419044017791748
0.03385472297668457
0.034015846252441403
0.03424305915832519
0.034910273551940915
0.03450169563293457
0.03470802307128906
0.0351837158203125
0.03522155284881592
0.03544745445251465
0.03493144512176514
0.03473513126373291
0.03567678928375244
0.03543879985809326
0.03581671714782715
0.0352062463760376
0.035762238502502444
0.03544349670410156
0.03560926914215088
0.03566269874572754
0.03599317073822021
0.03553295135498047
0.035834884643554686
0.03665118217468262
0.03596944808959961
0.036240553855895995
0.03626224994659424
0.03681445121765137
0.036493539810180664
0.03678765296936035
0.036486148834228516
0.03623373508453369
0.03630197048187256
0.03681838512420654
0.03680710792541504
0.03685121536254883
0.037238359451293945
0.03707132339477539
0.03716850280761719
0.03777434825897217
0.037122344970703124
0.03767306804656982
0.03777544498443604
0.03750929832458496
0.0377305269241333
0.03758244514465332
0.03764543533325195
0.03797931671142578
0.03811962604522705
0.03811206817626953
0.038438844680786136
0.03826782703399658
0.03799822330474854
0.038500285148620604
0.03895754814147949
0.03865439891815185
0.038033556938171384
0.03908779621124268
0.0386322021484375
0.03970625400543213
0.03900842666625977
0.03898022174835205
0.03914082050323486
0.03976957798004151
0.03965768814086914
0.039771318435668945
0.03991878032684326
0.040074491500854494
0.03987827301025391
0.040552520751953126
0.0403860330581665
0.040517115592956544
0.040226197242736815
0.04014883041381836
0.0403710126876831
0.04105291366577148
0.04060819149017334
0.040538787841796875
0.0405766487121582
0.041025543212890626
0.04139230251312256
0.04126594066619873
0.041207194328308105
0.04111082553863525
0.0413355827331543
0.041128802299499514
0.04133927822113037
0.04165859222412109
0.04158017635345459
0.04222109317779541
0.041944479942321776
0.04233992099761963
0.04213094711303711
0.041931748390197754
0.041957950592041014
0.0423375129699707
0.04260101318359375
0.04271788597106933
0.04206538200378418
0.042142200469970706
0.04256529808044433
0.04337556362152099
0.04290640354156494
0.0424858570098877
0.042533135414123534
0.043405914306640626
0.04307045936584473
