100 0.00039920806884765627 0.00039520263671875
101 0.00035486221313476565 0.00035147666931152345
102 0.00033500194549560545 0.0003346920013427734
103 0.0003310203552246094 0.00032887458801269533
104 0.0003318309783935547 0.0003361701965332031
105 0.00033152103424072266 0.0003339529037475586
106 0.0003601551055908203 0.0003690004348754883
107 0.0003567934036254883 0.00035517215728759767
108 0.0003471851348876953 0.0003496408462524414
109 0.0003506898880004883 0.00035045146942138674
110 0.00035543441772460936 0.00035452842712402344
111 0.0003600358963012695 0.0003602266311645508
112 0.000365900993347168 0.0003653049468994141
113 0.00037071704864501955 0.00037081241607666015
114 0.00037682056427001953 0.000376129150390625
115 0.00038204193115234377 0.00038154125213623046
116 0.00038721561431884763 0.00038728713989257815
117 0.00039315223693847656 0.00039284229278564454
118 0.0003987550735473633 0.0003989458084106445
119 0.0004048347473144531 0.00040435791015625
120 0.0004124641418457031 0.0004117250442504883
121 0.00041675567626953125 0.00041599273681640624
122 0.000423121452331543 0.0004229545593261719
123 0.0004281044006347656 0.000427699089050293
124 0.00043437480926513674 0.0004343271255493164
125 0.0004401445388793945 0.00043935775756835936
126 0.000445556640625 0.00044574737548828123
127 0.0004517555236816406 0.00045185089111328126
128 0.0004652261734008789 0.0004643917083740234
129 0.0004712581634521484 0.0004709720611572266
130 0.00047676563262939454 0.0004772663116455078
131 0.00048425197601318357 0.0004835605621337891
132 0.0004899501800537109 0.0004900217056274414
133 0.000496673583984375 0.000496077537536621
134 0.0005025625228881836 0.0005027294158935547
135 0.0005085468292236328 0.0005094766616821289
136 0.0005157947540283203 0.0005152463912963867
137 0.000522780418395996 0.000521993637084961
138 0.0005282878875732422 0.0005282878875732422
139 0.0005358219146728516 0.0005348920822143555
140 0.0005412817001342774 0.0005416154861450195
141 0.0005480766296386719 0.0005485057830810547
142 0.0005552530288696289 0.0005568981170654297
143 0.0005618095397949219 0.0005628585815429688
144 0.0005686521530151367 0.0005696296691894531
145 0.000576472282409668 0.0005755186080932617
146 0.0005826234817504882 0.0005826711654663086
147 0.0005903005599975586 0.0005890846252441407
148 0.0005959272384643555 0.0005969047546386719
149 0.0006033897399902344 0.000603795051574707
150 0.0006104946136474609 0.000610971450805664
151 0.0006149530410766602 0.0006145477294921875
152 0.0006214618682861328 0.0006210565567016602
153 0.0006287574768066406 0.0006281614303588867
154 0.0006353378295898438 0.0006353616714477539
155 0.0006433486938476563 0.0006432771682739258
156 0.0006500720977783203 0.0006498575210571289
157 0.000657200813293457 0.0006570577621459961
158 0.0006649017333984375 0.0006646871566772461
159 0.0006719112396240234 0.0006730556488037109
160 0.0006800651550292969 0.0006792545318603516
161 0.0006874561309814453 0.0006876468658447265
162 0.0006991863250732422 0.0006956338882446289
163 0.0007025718688964844 0.0007030487060546875
164 0.0007117986679077148 0.0007111310958862304
165 0.0007201910018920898 0.0007195472717285156
166 0.0007262945175170899 0.0007274389266967773
167 0.0007348299026489258 0.0007346153259277343
168 0.000742959976196289 0.0007428646087646485
169 0.0007502555847167969 0.000750589370727539
170 0.0007600784301757812 0.0007581233978271485
171 0.0007670402526855468 0.0007665157318115234
172 0.000774383544921875 0.0007744073867797851
173 0.000782012939453125 0.0007827043533325196
174 0.000790095329284668 0.0007900476455688476
175 0.0007977724075317383 0.0007982969284057618
176 0.0008072853088378906 0.0008059501647949219
177 0.0008146286010742188 0.0008149862289428711
178 0.0008218765258789062 0.000824141502380371
179 0.0008308887481689453 0.0008323431015014648
180 0.0008387327194213867 0.000839996337890625
181 0.0008468389511108399 0.0008472442626953125
182 0.0008678436279296875 0.0008663415908813476
183 0.0008739233016967773 0.0008753538131713867
184 0.0008836030960083008 0.0008825540542602539
185 0.0008922338485717774 0.0008927106857299805
186 0.0009003400802612305 0.0009001970291137695
187 0.0009104251861572265 0.0009082794189453125
188 0.0009177207946777343 0.0009169101715087891
189 0.0009268999099731445 0.0009258270263671875
190 0.0009354591369628906 0.0009351730346679688
191 0.0009434700012207031 0.0009446382522583008
192 0.0009514331817626953 0.000952768325805664
193 0.0009625434875488281 0.0009613513946533203
194 0.0009700775146484375 0.0009707450866699219
195 0.0009784698486328125 0.0009798049926757813
196 0.0009885311126708984 0.0009883880615234376
197 0.0009964942932128907 0.000996875762939453
198 0.0010066986083984374 0.001006340980529785
199 0.0010143280029296874 0.001014852523803711
200 0.0012418031692504883 0.0012195587158203125
201 0.0011158466339111328 0.0011556148529052734
202 0.0011261701583862305 0.0011145830154418944
203 0.001106572151184082 0.001106429100036621
204 0.0011154413223266602 0.001115107536315918
205 0.0011249303817749024 0.001124739646911621
206 0.0011342763900756836 0.0011354446411132812
207 0.0011458873748779296 0.001145172119140625
208 0.0011556148529052734 0.0011546611785888672
209 0.0011664390563964843 0.0011646747589111328
210 0.0011757850646972657 0.0011742830276489258
211 0.001185774803161621 0.0011885404586791993
212 0.0011951684951782226 0.0011950969696044923
213 0.001205754280090332 0.0012054920196533203
214 0.0012157678604125977 0.0012166738510131837
215 0.0012257814407348633 0.00122525691986084
216 0.0012362003326416016 0.0012358665466308595
217 0.0012465238571166993 0.001247262954711914
218 0.0012569189071655273 0.0012570619583129883
219 0.0012676000595092773 0.0012677907943725586
220 0.001277923583984375 0.0012789487838745118
221 0.0012889385223388671 0.0012892484664916992
222 0.001299142837524414 0.0013001441955566406
223 0.0013169288635253907 0.00131072998046875
224 0.0013202905654907226 0.0013215065002441407
225 0.0013318777084350586 0.0013323068618774415
226 0.0013425588607788087 0.0013421535491943359
227 0.0013541460037231445 0.0013650178909301758
228 0.001366901397705078 0.0013684749603271485
229 0.0013765335083007813 0.0013776302337646484
230 0.001387643814086914 0.0013879060745239258
231 0.0013982295989990235 0.0013974905014038086
232 0.0014094829559326172 0.0014090776443481446
233 0.0014206886291503907 0.0014205455780029296
234 0.0014312267303466797 0.0014327287673950196
235 0.0014438152313232422 0.0014440774917602538
236 0.001456308364868164 0.0014551401138305664
237 0.0014678239822387695 0.0014665603637695312
238 0.0014779806137084962 0.0014779806137084962
239 0.0014904499053955077 0.0014905929565429688
240 0.0015033721923828126 0.0015041351318359375
241 0.001514267921447754 0.0015146732330322266
242 0.0015269756317138673 0.00152587890625
243 0.0015380144119262694 0.0015395164489746093
244 0.0015494346618652344 0.0015482187271118164
245 0.0015616178512573241 0.0015599489212036132
246 0.0015726089477539062 0.0015723705291748047
247 0.0015858173370361327 0.0015838623046875
248 0.0016052722930908203 0.001598358154296875
249 0.001609945297241211 0.0016076087951660157
250 0.0016214370727539063 0.0016215085983276368
251 0.0016269922256469727 0.0016293048858642579
252 0.0016385555267333985 0.0016382455825805664
253 0.001651906967163086 0.001650238037109375
254 0.0016636610031127929 0.0016617774963378906
255 0.0016757488250732423 0.001674485206604004
256 0.0017078399658203125 0.0017052173614501953
257 0.0017124414443969727 0.0017141103744506836
258 0.001729893684387207 0.001728963851928711
259 0.0017434120178222655 0.0017433643341064453
260 0.001757335662841797 0.0017574787139892577
261 0.0017712116241455078 0.001773238182067871
262 0.0017907381057739257 0.0017954349517822266
263 0.0018028497695922851 0.0018035650253295898
264 0.0018179178237915038 0.001816701889038086
265 0.0018314361572265626 0.0018324613571166991
266 0.001845717430114746 0.0018460988998413087
267 0.0018620967864990234 0.001861739158630371
268 0.0018765926361083984 0.001875162124633789
269 0.0018936872482299804 0.001892685890197754
270 0.001909017562866211 0.0019107580184936524
271 0.0019217967987060548 0.0019221305847167969
272 0.0019368171691894532 0.0019380569458007813
273 0.002025127410888672 0.0020441293716430666
274 0.0019685506820678713 0.0019696712493896484
275 0.001983022689819336 0.001981639862060547
276 0.001999664306640625 0.0019988775253295898
277 0.0020092487335205077 0.0020110607147216797
278 0.0020274877548217773 0.0020252227783203124
279 0.0020394325256347656 0.0020409822463989258
280 0.0020560741424560545 0.0020560741424560545
281 0.002070188522338867 0.0020720243453979494
282 0.0020878076553344726 0.0020853996276855467
283 0.0021008729934692385 0.002102208137512207
284 0.0021198034286499024 0.0021178722381591797
285 0.0021306276321411133 0.00213165283203125
286 0.0021469593048095703 0.002147221565246582
287 0.002162933349609375 0.0021622419357299806
288 0.002178454399108887 0.0021791458129882812
289 0.0021961688995361327 0.002194809913635254
290 0.002210402488708496 0.002213573455810547
291 0.002228856086730957 0.0022269487380981445
292 0.0022421836853027343 0.0022435665130615236
293 0.002256035804748535 0.002258014678955078
294 0.002276754379272461 0.0022729158401489256
295 0.0022879838943481445 0.0022890329360961913
296 0.0023057937622070314 0.0023048877716064452
297 0.0023235797882080076 0.002322554588317871
298 0.0023454904556274416 0.0023387908935546876
299 0.0023601531982421877 0.0023552894592285155
300 0.0023673534393310546 0.002369070053100586
301 0.002388668060302734 0.002387738227844238
302 0.0024072408676147463 0.0024030447006225587
303 0.0024201154708862306 0.0024186372756958008
304 0.00243229866027832 0.002435469627380371
305 0.002461147308349609 0.0024512290954589845
306 0.0024655818939208984 0.0024708271026611327
307 0.00248570442199707 0.0024893522262573243
308 0.002500772476196289 0.0024998664855957033
309 0.002515292167663574 0.002515220642089844
310 0.002534151077270508 0.002534770965576172
311 0.002549910545349121 0.0025519609451293947
312 0.0025665998458862306 0.0025675058364868163
313 0.0025897502899169924 0.0025870800018310547
314 0.002601766586303711 0.002603769302368164
315 0.0026185274124145507 0.0026169061660766602
316 0.0026387929916381835 0.0026353120803833006
317 0.002650594711303711 0.0026505708694458006
318 0.0026673793792724608 0.0026677846908569336
319 0.002688312530517578 0.0026874542236328125
320 0.002706766128540039 0.002705669403076172
321 0.0027214765548706056 0.002726912498474121
322 0.002738642692565918 0.0027408361434936523
323 0.002762627601623535 0.002758955955505371
324 0.002775263786315918 0.002773141860961914
325 0.002798604965209961 0.0027923583984375
326 0.0028096914291381838 0.002822589874267578
327 0.002827954292297363 0.002824854850769043
328 0.002844429016113281 0.00284271240234375
329 0.002859640121459961 0.002861428260803223
330 0.0028813362121582033 0.0028775215148925783
331 0.002898097038269043 0.0028972864151000977
332 0.0029123306274414064 0.002915024757385254
333 0.002932834625244141 0.002933025360107422
334 0.0029532909393310547 0.0029488325119018553
335 0.0029716014862060545 0.002968621253967285
336 0.0029998779296875 0.002985978126525879
337 0.003020644187927246 0.0030042648315429686
338 0.0030396699905395506 0.0030297279357910157
339 0.0030558109283447266 0.0030385494232177735
340 0.003081083297729492 0.003068685531616211
341 0.0030796051025390623 0.0030811548233032225
342 0.0030942916870117187 0.00309450626373291
343 0.0031604528427124023 0.003168463706970215
344 0.003137946128845215 0.0031335115432739257
345 0.0031495094299316406 0.003153395652770996
346 0.0031730175018310548 0.0031685829162597656
347 0.00318603515625 0.0031864166259765623
348 0.003206610679626465 0.0032051563262939452
349 0.003223156929016113 0.0032224416732788085
350 0.003244495391845703 0.0032451629638671877
351 0.0032718420028686524 0.003262925148010254
352 0.003297162055969238 0.003285121917724609
353 0.0033047676086425783 0.0032970428466796873
354 0.0033213138580322266 0.0033181428909301756
355 0.0033472299575805662 0.003335905075073242
356 0.003356051445007324 0.0033556222915649414
357 0.003384089469909668 0.0033775806427001954
358 0.003399300575256348 0.003397488594055176
359 0.0034141063690185545 0.0034149885177612305
360 0.003435850143432617 0.0034314393997192383
361 0.0034543275833129883 0.00345151424407959
362 0.0034705162048339843 0.0034723758697509767
363 0.003515481948852539 0.0035186529159545897
364 0.003540372848510742 0.0035363435745239258
365 0.003550267219543457 0.0035543203353881835
366 0.003571963310241699 0.0035703182220458984
367 0.003595852851867676 0.003592681884765625
368 0.003612923622131348 0.003609371185302734
369 0.0036290884017944336 0.003631281852722168
370 0.003653216361999512 0.003655076026916504
371 0.003672623634338379 0.0036720514297485353
372 0.003693819046020508 0.0036906003952026367
373 0.0037115812301635742 0.0037113428115844727
374 0.0038150548934936523 0.0037590503692626954
375 0.003747987747192383 0.003748655319213867
376 0.0037669897079467773 0.0037717342376708983
377 0.0037873029708862306 0.0037828922271728516
378 0.003805732727050781 0.003808331489562988
379 0.003826475143432617 0.0038384437561035157
380 0.003845882415771484 0.0038457632064819334
381 0.0038669824600219725 0.003864026069641113
382 0.003885316848754883 0.0038872003555297852
383 0.003910231590270996 0.003906846046447754
384 0.003931999206542969 0.003930354118347168
385 0.003951907157897949 0.003965520858764648
386 0.003970193862915039 0.003973960876464844
387 0.003990459442138672 0.003991079330444336
388 0.004008841514587402 0.00401773452758789
389 0.0040305137634277345 0.004028677940368652
390 0.004051423072814942 0.004048967361450195
391 0.0040692567825317385 0.004069089889526367
392 0.004097890853881836 0.004099082946777344
393 0.004122257232666016 0.0041131734848022464
394 0.004133796691894532 0.004133534431457519
395 0.004158306121826172 0.004156422615051269
396 0.004182791709899903 0.004178071022033691
397 0.004208850860595703 0.004199433326721192
398 0.0042200803756713865 0.0042236089706420895
399 0.004239869117736816 0.004246163368225098
400 0.00426476001739502 0.004261016845703125
401 0.004291629791259766 0.004292082786560058
402 0.00430452823638916 0.0043059587478637695
403 0.0043282747268676754 0.004332995414733887
404 0.0043460607528686525 0.00435645580291748
405 0.004372262954711914 0.004364681243896484
406 0.004392027854919434 0.004406142234802246
407 0.004414248466491699 0.004416322708129883
408 0.004437112808227539 0.004440593719482422
409 0.004457449913024903 0.0044605016708374025
410 0.0044812440872192385 0.004495668411254883
411 0.0045011043548583984 0.0044989347457885746
412 0.004523587226867676 0.00451962947845459
413 0.004547572135925293 0.004556822776794434
414 0.004569053649902344 0.004579854011535644
415 0.0045981168746948246 0.004585409164428711
416 0.004615163803100586 0.004611802101135254
417 0.004639387130737305 0.0046454668045043945
418 0.004670333862304687 0.0046596527099609375
419 0.004691696166992188 0.004721140861511231
420 0.004702138900756836 0.004707551002502442
421 0.004727578163146973 0.004729843139648438
422 0.004751801490783691 0.004749321937561035
423 0.004770970344543457 0.0047732114791870115
424 0.004793381690979004 0.004790163040161133
425 0.004810619354248047 0.004834675788879394
426 0.004845857620239258 0.004846978187561035
427 0.0048657417297363285 0.004864978790283203
428 0.004885673522949219 0.004891395568847656
429 0.004912805557250976 0.004905796051025391
430 0.004932284355163574 0.00493614673614502
431 0.004954862594604492 0.004955148696899414
432 0.004990506172180176 0.004987859725952148
433 0.004996657371520996 0.005000972747802734
434 0.005028915405273437 0.0050249814987182615
435 0.005055141448974609 0.0050504207611083984
436 0.00507051944732666 0.005074357986450196
437 0.005105066299438477 0.0051004886627197266
438 0.005116939544677734 0.005124402046203613
439 0.005136942863464356 0.005149030685424804
440 0.005170249938964843 0.005167555809020996
441 0.005185341835021973 0.005184030532836914
442 0.0052098512649536135 0.005207133293151855
443 0.0052378177642822266 0.0052292108535766605
444 0.005258536338806153 0.005263733863830567
445 0.005280447006225586 0.005282974243164063
446 0.005304646492004394 0.005306243896484375
447 0.005333805084228515 0.005322670936584473
448 0.005362772941589355 0.005358576774597168
449 0.005388379096984863 0.005368590354919434
450 0.005396556854248047 0.005397701263427734
451 0.005425858497619629 0.005423235893249512
452 0.005458641052246094 0.005444073677062988
453 0.005478334426879883 0.005477619171142578
454 0.005513787269592285 0.005517840385437012
455 0.0055322408676147464 0.005515646934509277
456 0.005547070503234863 0.005552101135253906
457 0.005572295188903809 0.005569195747375489
458 0.005591845512390137 0.0055947542190551754
459 0.005635404586791992 0.005636167526245117
460 0.005645465850830078 0.0056588172912597655
461 0.005830955505371094 0.0059817790985107425
462 0.005699467658996582 0.005702853202819824
463 0.005743050575256347 0.0057293415069580075
464 0.005763530731201172 0.005751776695251465
465 0.005769181251525879 0.005765008926391602
466 0.00579676628112793 0.00580284595489502
467 0.005825185775756836 0.005828499794006348
468 0.0058546304702758786 0.00585782527923584
469 0.0058880805969238285 0.0058792829513549805
470 0.0058959007263183595 0.005896282196044922
471 0.005922913551330566 0.005930900573730469
472 0.005946230888366699 0.005956768989562988
473 0.005971050262451172 0.005964756011962891
474 0.0060035943984985355 0.006024169921875
475 0.006019282341003418 0.00602409839630127
476 0.006040430068969727 0.006055974960327148
477 0.006069493293762207 0.006075501441955566
478 0.006101012229919434 0.006105661392211914
479 0.006126189231872558 0.006115221977233886
480 0.006146669387817383 0.00614616870880127
481 0.006170463562011719 0.006172013282775879
482 0.0061926603317260746 0.00621180534362793
483 0.006227374076843262 0.0062253475189208984
484 0.006245183944702149 0.006257843971252441
485 0.006287860870361328 0.0062847137451171875
486 0.006301760673522949 0.00629892349243164
487 0.006330275535583496 0.0063229560852050785
488 0.00637202262878418 0.0063569068908691405
489 0.006379485130310059 0.006398248672485352
490 0.006442928314208984 0.006406211853027343
491 0.006428337097167969 0.006434440612792969
492 0.006462883949279785 0.0064562797546386715
493 0.0065032958984375 0.0064811229705810545
494 0.006515908241271973 0.006508588790893555
495 0.006537055969238282 0.006538653373718261
496 0.0065785408020019535 0.006559348106384278
497 0.006595444679260254 0.0065983057022094725
498 0.006619811058044434 0.006616926193237305
499 0.0066410541534423825 0.006642532348632812
500 0.006667304039001465 0.006665515899658203
501 0.006698966026306152 0.00670475959777832
502 0.006716108322143555 0.006723880767822266
503 0.006746101379394531 0.006743049621582032
504 0.00677337646484375 0.006776213645935059
505 0.006798386573791504 0.006799006462097168
506 0.006841206550598144 0.006842756271362304
507 0.0068684577941894535 0.006861972808837891
508 0.006899285316467285 0.006899118423461914
509 0.006936311721801758 0.006916594505310058
510 0.006936573982238769 0.006935787200927734
511 0.006961798667907715 0.006964826583862304
512 0.007073211669921875 0.007031965255737305
513 0.007098102569580078 0.007039403915405274
514 0.007108259201049805 0.007082152366638184
515 0.007179164886474609 0.00710303783416748
516 0.007173895835876465 0.007163524627685547
517 0.007197117805480957 0.007168030738830567
518 0.0072337865829467775 0.00719757080078125
519 0.007256507873535156 0.007205820083618164
520 0.0072882652282714845 0.0072422027587890625
521 0.00731954574584961 0.007272648811340332
522 0.007332944869995117 0.007331228256225586
523 0.007387375831604004 0.00732421875
524 0.007413172721862793 0.007346248626708985
525 0.0074394941329956055 0.007385087013244629
526 0.007452034950256347 0.007393050193786621
527 0.007497620582580566 0.007457304000854492
528 0.007507729530334473 0.007455372810363769
529 0.00753171443939209 0.00748140811920166
530 0.007599878311157227 0.007516241073608399
531 0.007585668563842773 0.007549452781677246
532 0.007614398002624511 0.0075669527053833004
533 0.007661151885986328 0.007601165771484375
534 0.007682919502258301 0.007624125480651856
535 0.007700920104980469 0.0076623201370239254
536 0.007764267921447754 0.007709145545959473
537 0.00804598331451416 0.007825112342834473
538 0.007788920402526855 0.007738804817199707
539 0.00783085823059082 0.007772970199584961
540 0.007857084274291992 0.007798886299133301
541 0.007878613471984864 0.007809829711914062
542 0.007915258407592773 0.007849669456481934
543 0.00793287754058838 0.007919406890869141
544 0.007957267761230468 0.007929277420043946
545 0.008008027076721191 0.007958436012268066
546 0.0080108642578125 0.00797741413116455
547 0.008043766021728516 0.00800168514251709
548 0.0080902099609375 0.008040571212768554
549 0.008102083206176757 0.008068490028381347
550 0.008135581016540527 0.008093690872192383
551 0.008184099197387695 0.008112764358520508
552 0.00828847885131836 0.0081712007522583
553 0.008234977722167969 0.008164024353027344
554 0.008305621147155762 0.008202624320983887
555 0.008266472816467285 0.008221054077148437
556 0.008316588401794434 0.008248353004455566
557 0.008362030982971192 0.008287978172302247
558 0.008368539810180663 0.008318233489990234
559 0.008393216133117675 0.008360600471496582
560 0.00838332176208496 0.008397459983825684
561 0.008426809310913086 0.008437061309814453
562 0.008449172973632813 0.008453273773193359
563 0.008501100540161132 0.008478307723999023
564 0.008501815795898437 0.00849289894104004
565 0.008515548706054688 0.008526253700256347
566 0.008562517166137696 0.008538055419921874
567 0.008596992492675782 0.008574986457824707
568 0.008639788627624512 0.008609914779663086
569 0.008649992942810058 0.008668088912963867
570 0.008709955215454101 0.008689069747924804
571 0.008698725700378418 0.008729696273803711
572 0.00873394012451172 0.00876789093017578
573 0.008784294128417969 0.00879976749420166
574 0.008786439895629883 0.008830118179321288
575 0.008845663070678711 0.008806324005126953
576 0.008846759796142578 0.00884995460510254
577 0.008887743949890137 0.008869075775146484
578 0.00889732837677002 0.008933615684509278
579 0.008969497680664063 0.008949995040893555
580 0.008963680267333985 0.008960413932800292
581 0.008994603157043457 0.009010124206542968
582 0.009039592742919923 0.00902993679046631
583 0.009068059921264648 0.009098029136657715
584 0.009113216400146484 0.009102869033813476
585 0.009122657775878906 0.009152507781982422
586 0.009278130531311036 0.009166145324707031
587 0.009219026565551758 0.00919647216796875
588 0.009225058555603027 0.009233570098876953
589 0.00925912857055664 0.009236311912536621
590 0.009311342239379882 0.009293437004089355
591 0.009316468238830566 0.009341883659362792
592 0.00940079689025879 0.009336209297180176
593 0.009455394744873048 0.009411859512329101
594 0.009458541870117188 0.009396696090698242
595 0.009466052055358887 0.009449625015258789
596 0.0098663330078125 0.00958094596862793
597 0.009517717361450195 0.00950639247894287
598 0.009534358978271484 0.0095381498336792
599 0.009570670127868653 0.009606385231018066
600 0.009611392021179199 0.009599113464355468
601 0.00963144302368164 0.009622454643249512
602 0.009706902503967284 0.009694337844848633
603 0.009687185287475586 0.009711408615112304
604 0.009728837013244628 0.009723329544067382
605 0.009755635261535644 0.009790563583374023
606 0.009793281555175781 0.009764742851257325
607 0.009899330139160157 0.00983126163482666
608 0.009841656684875489 0.00985391139984131
609 0.009870386123657227 0.009909415245056152
610 0.009908604621887206 0.009942579269409179
611 0.009961485862731934 0.00994575023651123
612 0.00999915599822998 0.009969496726989746
613 0.010049200057983399 0.01001131534576416
614 0.010036778450012208 0.010109734535217286
615 0.010123848915100098 0.010093164443969727
616 0.010114526748657227 0.010089302062988281
617 0.010140013694763184 0.01013801097869873
618 0.01020190715789795 0.010166454315185546
619 0.010185313224792481 0.010210490226745606
620 0.010271644592285157 0.010211443901062012
621 0.010257792472839356 0.01026606559753418
622 0.010281181335449219 0.010282635688781738
623 0.010348010063171386 0.010344529151916504
624 0.010361862182617188 0.010376715660095214
625 0.010396981239318847 0.010410761833190918
626 0.010453605651855468 0.010417962074279785
627 0.01046442985534668 0.01053621768951416
628 0.010477638244628907 0.010560941696166993
629 0.010524868965148926 0.01061253547668457
630 0.010541224479675293 0.01058502197265625
631 0.010656642913818359 0.010589790344238282
632 0.010643863677978515 0.010622239112854004
633 0.01075587272644043 0.010661983489990234
634 0.010711669921875 0.010697770118713378
635 0.01076521873474121 0.010745620727539063
636 0.01075119972229004 0.0107757568359375
637 0.010834956169128418 0.010803627967834472
638 0.010835003852844239 0.010817742347717286
639 0.01084439754486084 0.010853934288024902
640 0.010905289649963379 0.010871100425720214
641 0.010925579071044921 0.010938215255737304
642 0.010973978042602538 0.010965824127197266
643 0.011043953895568847 0.010971140861511231
644 0.011041498184204102 0.01103522777557373
645 0.011094117164611816 0.01108567714691162
646 0.011158180236816407 0.011205720901489257
647 0.011113715171813966 0.011106419563293456
648 0.011184501647949218 0.01118628978729248
649 0.011195135116577149 0.01131584644317627
650 0.011252570152282714 0.011235451698303223
651 0.011235976219177246 0.01125805377960205
652 0.011298179626464844 0.011275720596313477
653 0.011362099647521972 0.01136312484741211
654 0.011388325691223144 0.01136469841003418
655 0.01137540340423584 0.011465835571289062
656 0.01141064167022705 0.011438536643981933
657 0.011455726623535157 0.011461496353149414
658 0.011503505706787109 0.011480379104614257
659 0.011535096168518066 0.011577033996582031
660 0.011574697494506837 0.011605644226074218
661 0.011623597145080567 0.011630821228027343
662 0.011666822433471679 0.011632919311523438
663 0.011738443374633789 0.011681270599365235
664 0.011711359024047852 0.01177818775177002
665 0.011830401420593262 0.01184382438659668
666 0.01191551685333252 0.011818408966064453
667 0.01184530258178711 0.01180284023284912
668 0.01186370849609375 0.011936211585998535
669 0.011875629425048828 0.01192772388458252
670 0.012020754814147949 0.01191573143005371
671 0.011974978446960449 0.01200098991394043
672 0.011995768547058106 0.011974287033081055
673 0.012082695960998535 0.012012100219726563
674 0.01206798553466797 0.012050533294677734
675 0.01208508014678955 0.012114214897155761
676 0.012134170532226563 0.012152147293090821
677 0.012220120429992676 0.012168335914611816
678 0.012200355529785156 0.012199687957763671
679 0.012317299842834473 0.012227106094360351
680 0.012246465682983399 0.012354230880737305
681 0.012291812896728515 0.01233823299407959
682 0.012375903129577637 0.01232297420501709
683 0.01244790554046631 0.012402868270874024
684 0.012447977066040039 0.012443470954895019
685 0.012493515014648437 0.012445187568664551
686 0.012481760978698731 0.012458300590515137
687 0.01252310276031494 0.012597322463989258
688 0.012641286849975586 0.012578797340393067
689 0.012699532508850097 0.013001513481140137
690 0.01263282299041748 0.01262199878692627
691 0.012659358978271484 0.012651395797729493
692 0.0126878023147583 0.012726664543151855
693 0.012736773490905762 0.012806534767150879
694 0.012765455245971679 0.012898492813110351
695 0.012836194038391114 0.012891530990600586
696 0.012938380241394043 0.013021397590637206
697 0.012938761711120605 0.012878489494323731
698 0.012945985794067383 0.012982392311096191
699 0.013008618354797363 0.01296992301940918
700 0.013006091117858887 0.013079500198364258
701 0.013066697120666503 0.013063406944274903
702 0.013123607635498047 0.013081669807434082
703 0.013164329528808593 0.013185906410217284
704 0.013181209564208984 0.013453412055969238
705 0.013256168365478516 0.013246703147888183
706 0.013257479667663575 0.01333756446838379
707 0.013265109062194825 0.013273334503173828
708 0.013431406021118164 0.013388228416442872
709 0.013524627685546875 0.013311171531677246
710 0.013509726524353028 0.013365983963012695
711 0.01342480182647705 0.013437771797180175
712 0.013526225090026855 0.013428044319152833
713 0.013516974449157716 0.013544440269470215
714 0.013626289367675782 0.013500690460205078
715 0.013618135452270507 0.013643264770507812
716 0.013570237159729003 0.013574695587158203
717 0.013625478744506836 0.013613224029541016
718 0.01368715763092041 0.013665580749511718
719 0.013709712028503417 0.013683772087097168
720 0.013792705535888673 0.013721847534179687
721 0.013811516761779784 0.013758540153503418
722 0.01386868953704834 0.013823127746582032
723 0.013869762420654297 0.013888239860534668
724 0.013923120498657227 0.013927459716796875
725 0.013948607444763183 0.013957381248474121
726 0.014006876945495605 0.01401982307434082
727 0.014151167869567872 0.014340567588806152
728 0.014075660705566406 0.014075231552124024
729 0.01412968635559082 0.014191603660583496
730 0.014228415489196778 0.014168691635131837
731 0.01441495418548584 0.014317202568054199
732 0.014293384552001954 0.01423959732055664
733 0.014326143264770507 0.01430509090423584
734 0.014323139190673828 0.014354515075683593
735 0.01445462703704834 0.014457464218139648
736 0.014406394958496094 0.014542675018310547
737 0.01443028450012207 0.014672803878784179
738 0.014470458030700684 0.014699602127075195
739 0.014483141899108886 0.014700961112976075
740 0.014554047584533691 0.014799690246582032
741 0.01481161117553711 0.014600682258605956
742 0.014708471298217774 0.014691734313964843
743 0.014805078506469727 0.01474447250366211
744 0.014853596687316895 0.014832448959350587
745 0.014831638336181641 0.014914655685424804
746 0.014910602569580078 0.014869260787963866
747 0.015035414695739746 0.014877748489379884
748 0.014844703674316406 0.014939999580383301
749 0.014974260330200195 0.015021800994873047
750 0.014950776100158691 0.014986562728881835
751 0.014966964721679688 0.015047907829284668
752 0.015034222602844238 0.015092110633850098
753 0.015059542655944825 0.015185904502868653
754 0.01511695384979248 0.015158581733703613
755 0.015252423286437989 0.015126466751098633
756 0.015278339385986328 0.015142416954040528
757 0.015255355834960937 0.015259575843811036
758 0.01532585620880127 0.015342140197753906
759 0.015440034866333007 0.015365338325500489
760 0.015390491485595703 0.015422344207763672
761 0.015841364860534668 0.015460467338562012
762 0.015442419052124023 0.015508651733398438
763 0.015588998794555664 0.015554857254028321
764 0.015537619590759277 0.015517091751098633
765 0.01553349494934082 0.015589618682861328
766 0.015571379661560058 0.015669488906860353
767 0.015726137161254882 0.01566348075866699
768 0.015994167327880858 0.015680503845214844
769 0.015775012969970702 0.015724921226501466
770 0.015863442420959474 0.015747261047363282
771 0.015791797637939455 0.01578543186187744
772 0.015794754028320312 0.015794968605041503
773 0.015920734405517577 0.01597607135772705
774 0.015958952903747558 0.016059136390686034
775 0.015966629981994628 0.015952205657958983
776 0.015952324867248534 0.016086840629577638
777 0.016015791893005372 0.01602168083190918
778 0.01610300540924072 0.016158223152160645
779 0.01609063148498535 0.016167664527893068
780 0.01620326042175293 0.01615126132965088
781 0.016345620155334473 0.016263246536254883
782 0.016382598876953126 0.016313552856445312
783 0.01634354591369629 0.016319870948791504
784 0.0164048433303833 0.016616511344909667
785 0.016337490081787108 0.016492581367492674
786 0.01644134521484375 0.01641421318054199
787 0.01651005744934082 0.01644892692565918
788 0.016454505920410156 0.01647202968597412
789 0.016541671752929688 0.016597509384155273
790 0.016559863090515138 0.016547393798828126
791 0.016639184951782227 0.01661527156829834
792 0.01660454273223877 0.016759276390075684
793 0.016750001907348634 0.01702134609222412
794 0.016728663444519044 0.01669638156890869
795 0.016877293586730957 0.01676480770111084
796 0.016884374618530273 0.01682252883911133
797 0.01691274642944336 0.018565607070922852
798 0.0169222354888916 0.01689801216125488
799 0.017017364501953125 0.017010092735290527
800 0.01701672077178955 0.016990041732788085
801 0.017048406600952148 0.017099499702453613
802 0.017155385017395018 0.017060518264770508
803 0.017325401306152344 0.017180609703063964
804 0.017291736602783204 0.017310118675231932
805 0.017383337020874023 0.017290401458740234
806 0.01727328300476074 0.017268896102905273
807 0.017319560050964355 0.01729159355163574
808 0.01742851734161377 0.017483830451965332
809 0.017384791374206544 0.01746673583984375
810 0.017499756813049317 0.017432785034179686
811 0.017514801025390624 0.017534685134887696
812 0.017519092559814452 0.01748943328857422
813 0.017661023139953613 0.017695164680480956
814 0.017510700225830077 0.01754317283630371
815 0.01760389804840088 0.01764812469482422
816 0.017740774154663085 0.017860817909240722
817 0.0177046537399292 0.01779129505157471
818 0.0178788423538208 0.01786971092224121
819 0.017921137809753417 0.017840027809143066
820 0.017787599563598634 0.01783134937286377
821 0.017851543426513673 0.01785275936126709
822 0.017940711975097657 0.018081927299499513
823 0.01802694797515869 0.01793084144592285
824 0.018045473098754882 0.017989563941955566
825 0.018065881729125977 0.018055248260498046
826 0.018081355094909667 0.018103957176208496
827 0.018144059181213378 0.018142056465148926
828 0.01817195415496826 0.018146157264709473
829 0.0182009220123291 0.018179607391357423
830 0.018270158767700197 0.01821894645690918
831 0.018288707733154295 0.018282079696655275
832 0.01836247444152832 0.018365240097045897
833 0.018502044677734374 0.01842005252838135
834 0.01854987144470215 0.018518948554992677
835 0.01850724220275879 0.018458914756774903
836 0.018589043617248537 0.018560361862182618
837 0.018608570098876953 0.018591713905334473
838 0.018618154525756835 0.018758583068847656
839 0.0186873197555542 0.018695998191833495
840 0.018759727478027344 0.018705296516418456
841 0.018771147727966307 0.018895411491394044
842 0.018871355056762695 0.018915176391601562
843 0.018868279457092286 0.018872737884521484
844 0.018917298316955565 0.01893932819366455
845 0.019129610061645506 0.01900477409362793
846 0.019119620323181152 0.01895577907562256
847 0.01897876262664795 0.019015288352966307
848 0.01904342174530029 0.01912109851837158
849 0.019222950935363768 0.019231152534484864
850 0.01929316520690918 0.01933431625366211
851 0.019240617752075195 0.019283819198608398
852 0.01927495002746582 0.019230127334594727
853 0.01933434009552002 0.019366812705993653
854 0.01946113109588623 0.01941869258880615
855 0.019510579109191895 0.01951591968536377
856 0.019517159461975096 0.0194990873336792
857 0.019483470916748048 0.019571685791015626
858 0.019622325897216797 0.019507670402526857
859 0.019587945938110352 0.019755244255065918
860 0.019727373123168947 0.019774985313415528
861 0.019782376289367676 0.019703102111816407
862 0.0198413610458374 0.01980767250061035
863 0.019824790954589843 0.019777941703796386
864 0.019937539100646974 0.01976780891418457
865 0.01992785930633545 0.0199721097946167
866 0.0199296236038208 0.019874310493469237
867 0.020018672943115233 0.02002568244934082
868 0.02012622356414795 0.02012002468109131
869 0.020226049423217773 0.020103096961975098
870 0.02022225856781006 0.020232415199279784
871 0.0201918363571167 0.02022426128387451
872 0.02020883560180664 0.020180273056030273
873 0.020323014259338378 0.020185565948486327
874 0.02035808563232422 0.02032902240753174
875 0.02051870822906494 0.020361495018005372
876 0.020377063751220705 0.020345163345336915
877 0.020458173751831055 0.020397257804870606
878 0.02048945426940918 0.020638179779052735
879 0.02088637351989746 0.020463776588439942
880 0.020651888847351075 0.02049248218536377
881 0.02061004638671875 0.020670342445373534
882 0.020601940155029298 0.020684361457824707
883 0.020693469047546386 0.020650172233581544
884 0.02075481414794922 0.02076852321624756
885 0.020943832397460938 0.020929932594299316
886 0.020841002464294434 0.020802760124206544
887 0.020889973640441893 0.020937561988830566
888 0.020908474922180176 0.02099642753601074
889 0.020982122421264647 0.02095904350280762
890 0.021010732650756835 0.02105426788330078
891 0.021116256713867188 0.021129941940307616
892 0.0211437463760376 0.021169185638427734
893 0.021332359313964842 0.021197175979614256
894 0.021394920349121094 0.021354126930236816
895 0.021236515045166014 0.02132840156555176
896 0.02132885456085205 0.021237707138061522
897 0.021423649787902833 0.02145047187805176
898 0.02146902084350586 0.021442770957946777
899 0.02152101993560791 0.02152516841888428
900 0.02182815074920654 0.021512269973754883
901 0.021457481384277343 0.021626377105712892
902 0.021588563919067383 0.021672940254211424
903 0.02174842357635498 0.021681046485900878
904 0.0217313289642334 0.021730732917785645
905 0.02187175750732422 0.021808409690856935
906 0.022051024436950683 0.021702170372009277
907 0.022160053253173828 0.02183055877685547
908 0.02191741466522217 0.0218334436416626
909 0.022043609619140626 0.022032785415649413
910 0.02193610668182373 0.022020769119262696
911 0.022062134742736817 0.0223311185836792
912 0.022406172752380372 0.022153544425964355
913 0.02215113639831543 0.02220892906188965
914 0.0222304105758667 0.022236943244934082
915 0.022233796119689942 0.02221386432647705
916 0.022205471992492676 0.02237381935119629
917 0.022454285621643068 0.02225193977355957
918 0.022598624229431152 0.022391223907470705
919 0.02240316867828369 0.022296714782714843
920 0.02247331142425537 0.02246551513671875
921 0.02257232666015625 0.022525429725646973
922 0.02254829406738281 0.02256171703338623
923 0.022743940353393555 0.02278766632080078
924 0.022762989997863768 0.02259650230407715
925 0.022610735893249512 0.022722887992858886
926 0.022817444801330567 0.022715663909912108
927 0.02279207706451416 0.023025870323181152
928 0.022895240783691408 0.022856998443603515
929 0.022963070869445802 0.02290055751800537
930 0.02298133373260498 0.023018264770507814
931 0.023089289665222168 0.022939205169677734
932 0.023255753517150878 0.023082399368286134
933 0.023108768463134765 0.023143625259399413
934 0.023058700561523437 0.023342156410217287
935 0.023207592964172363 0.02309854030609131
936 0.023289918899536133 0.023259902000427247
937 0.023279404640197753 0.023551130294799806
938 0.023284554481506348 0.02333512306213379
939 0.02331385612487793 0.02342391014099121
940 0.02334737777709961 0.023714423179626465
941 0.023410534858703612 0.0234757661819458
942 0.02370784282684326 0.02372305393218994
943 0.02360408306121826 0.02359147071838379
944 0.02360992431640625 0.023747873306274415
945 0.023780059814453126 0.0236691951751709
946 0.02368474006652832 0.023713278770446777
947 0.023891162872314454 0.023743486404418944
948 0.023778033256530762 0.02383091449737549
949 0.02385859489440918 0.023956108093261718
950 0.023848128318786622 0.023859024047851562
951 0.024033594131469726 0.02400839328765869
952 0.024020910263061523 0.024155211448669434
953 0.024132680892944337 0.024169397354125977
954 0.0242706298828125 0.024175357818603516
955 0.024513554573059083 0.024231576919555665
956 0.02435619831085205 0.02439734935760498
957 0.024290013313293456 0.02445037364959717
958 0.024341869354248046 0.02448251247406006
959 0.024673318862915038 0.024411749839782716
960 0.024611854553222658 0.024458718299865723
961 0.02447028160095215 0.024500060081481933
962 0.024646639823913574 0.024527454376220705
963 0.02465832233428955 0.024621105194091795
964 0.024933719635009767 0.024544763565063476
965 0.024959540367126463 0.024744033813476562
966 0.024952340126037597 0.02478916645050049
967 0.02492690086364746 0.025050854682922362
968 0.02478005886077881 0.02481985092163086
969 0.024900078773498535 0.024929523468017578
970 0.02513289451599121 0.024860858917236328
971 0.024969720840454103 0.025136184692382813
972 0.025158381462097167 0.024999713897705077
973 0.02526528835296631 0.025280237197875977
974 0.025037860870361327 0.025067806243896484
975 0.025044775009155272 0.025240302085876465
976 0.025190973281860353 0.025243306159973146
977 0.025363445281982422 0.02539246082305908
978 0.02532379627227783 0.025341510772705078
979 0.025515103340148927 0.025555849075317383
980 0.02535965442657471 0.02548983097076416
981 0.02557680606842041 0.025464749336242674
982 0.02562720775604248 0.0254610538482666
983 0.02556161880493164 0.025600337982177736
984 0.025577020645141602 0.025582098960876466
985 0.025757670402526855 0.025581049919128417
986 0.025850510597229003 0.025884723663330077
987 0.025853800773620605 0.025839924812316895
988 0.0257920503616333 0.025896215438842775
989 0.026028990745544434 0.025971412658691406
990 0.02611117362976074 0.026083755493164062
991 0.025975656509399415 0.026117825508117677
992 0.02601761817932129 0.025968480110168456
993 0.026182794570922853 0.026116561889648438
994 0.026180362701416014 0.02619485855102539
995 0.026201772689819335 0.02618241310119629
996 0.026400661468505858 0.02624988555908203
997 0.02636685371398926 0.026455068588256837
998 0.02660949230194092 0.026353955268859863
999 0.02637457847595215 0.026581072807312013
1000 0.026007986068725585 0.02558009624481201
1001 0.025626444816589357 0.025636625289916993
1002 0.025693774223327637 0.0256805419921875
1003 0.02551414966583252 0.02602219581604004
1004 0.025732898712158205 0.02591416835784912
1005 0.025766801834106446 0.025737690925598144
1006 0.025883793830871582 0.02589383125305176
1007 0.025971603393554688 0.02602519989013672
1008 0.025966596603393555 0.025936698913574217
1009 0.02634451389312744 0.026097631454467772
1010 0.02624068260192871 0.025988507270812988
1011 0.026075029373168947 0.026276516914367675
1012 0.02611966133117676 0.026099801063537598
1013 0.026105237007141114 0.026361536979675294
1014 0.0263641357421875 0.026202082633972168
1015 0.02630903720855713 0.026260638236999513
1016 0.026518726348876955 0.02624788284301758
1017 0.026575493812561034 0.02647995948791504
1018 0.026600909233093262 0.026697349548339844
1019 0.02651679515838623 0.026512718200683592
1020 0.026767659187316894 0.026676368713378907
1021 0.02666316032409668 0.026630711555480958
1022 0.026860690116882323 0.02689080238342285
1023 0.02691648006439209 0.026731324195861817
1024 0.02712967395782471 0.02681887149810791
1025 0.026897788047790527 0.026970720291137694
1026 0.026941514015197753 0.027062273025512694
1027 0.027147293090820312 0.027134060859680176
1028 0.027776455879211424 0.026943111419677736
1029 0.027077317237854004 0.027047133445739745
1030 0.027240180969238283 0.02720482349395752
1031 0.027278923988342287 0.027299976348876952
1032 0.02741882801055908 0.027347421646118163
1033 0.027442407608032227 0.02749512195587158
1034 0.027306509017944337 0.027249240875244142
1035 0.027665472030639647 0.027366781234741212
1036 0.027648425102233885 0.027304673194885255
1037 0.0276702880859375 0.02753880023956299
1038 0.027901291847229004 0.02774367332458496
1039 0.02758169174194336 0.027856206893920897
1040 0.027982044219970702 0.02767457962036133
1041 0.027727580070495604 0.02774631977081299
1042 0.02789351940155029 0.027800107002258302
1043 0.028023552894592286 0.027954721450805665
1044 0.028097939491271973 0.02803487777709961
1045 0.02812521457672119 0.02796483039855957
1046 0.028136348724365233 0.028037595748901366
1047 0.02799179553985596 0.0282163143157959
1048 0.028180956840515137 0.028217124938964843
1049 0.02822556495666504 0.028455376625061035
1050 0.028422164916992187 0.0282517671585083
1051 0.028398609161376952 0.02845444679260254
1052 0.028406095504760743 0.028331565856933593
1053 0.028318214416503906 0.028507184982299805
1054 0.02834625244140625 0.028509044647216798
1055 0.02848055362701416 0.028444910049438478
1056 0.02844085693359375 0.028563880920410158
1057 0.02849726676940918 0.02859365940093994
1058 0.028819060325622557 0.028798651695251466
1059 0.028801488876342773 0.028839588165283203
1060 0.028591561317443847 0.02900972366333008
1061 0.02882087230682373 0.02903735637664795
1062 0.02890787124633789 0.028876566886901857
1063 0.029136466979980468 0.02906615734100342
1064 0.029116272926330566 0.029592418670654298
1065 0.02899203300476074 0.02897796630859375
1066 0.029100537300109863 0.029088211059570313
1067 0.029213976860046387 0.029355716705322266
1068 0.02926137447357178 0.02922208309173584
1069 0.029500317573547364 0.029324793815612794
1070 0.029564642906188966 0.029516148567199706
1071 0.029520702362060548 0.029256129264831544
1072 0.029227805137634278 0.029535889625549316
1073 0.02959115505218506 0.02969686985015869
1074 0.029517507553100585 0.02946169376373291
1075 0.029613804817199708 0.029706931114196776
1076 0.029648995399475096 0.02961127758026123
1077 0.02971360683441162 0.029489421844482423
1078 0.029838752746582032 0.02965245246887207
1079 0.029573845863342284 0.029830574989318848
1080 0.02981085777282715 0.029868769645690917
1081 0.029892349243164064 0.029778170585632324
1082 0.029875683784484863 0.030043816566467284
1083 0.030148649215698244 0.029857420921325685
1084 0.03032395839691162 0.03007504940032959
1085 0.03016033172607422 0.03033480644226074
1086 0.03013887405395508 0.03014085292816162
1087 0.030410027503967284 0.030263733863830567
1088 0.030172324180603026 0.030521559715270995
1089 0.030346441268920898 0.03023223876953125
1090 0.03040032386779785 0.03039517402648926
1091 0.030285406112670898 0.030332779884338378
1092 0.030414724349975587 0.03047025203704834
1093 0.03042609691619873 0.030652952194213868
1094 0.030656886100769044 0.030446624755859374
1095 0.03082141876220703 0.03066277503967285
1096 0.03077409267425537 0.03065910339355469
1097 0.030897808074951173 0.030904364585876466
1098 0.030972886085510253 0.031321048736572266
1099 0.031064963340759276 0.03080887794494629
1100 0.030854201316833495 0.03081483840942383
1101 0.0310011625289917 0.030743169784545898
1102 0.030790996551513673 0.030887770652770995
1103 0.03107163906097412 0.03132498264312744
1104 0.031114792823791503 0.03117063045501709
1105 0.031226372718811034 0.0312941312789917
1106 0.03128652572631836 0.031009101867675783
1107 0.03134019374847412 0.03161988258361816
1108 0.03298144340515137 0.031530904769897464
1109 0.03137397766113281 0.03149263858795166
1110 0.03158955574035645 0.031652283668518064
1111 0.031676506996154784 0.03172171115875244
1112 0.031720519065856934 0.031568145751953124
1113 0.031978511810302736 0.031682801246643064
1114 0.03184897899627685 0.0318284273147583
1115 0.03204023838043213 0.031872916221618655
1116 0.03170557022094726 0.03186414241790771
1117 0.032006025314331055 0.03189728260040283
1118 0.031919240951538086 0.03182520866394043
1119 0.032083964347839354 0.03183257579803467
1120 0.03226673603057861 0.03213353157043457
1121 0.03221614360809326 0.032405424118041995
1122 0.03223817348480225 0.03225975036621094
1123 0.03221349716186524 0.032250618934631346
1124 0.032395672798156736 0.03224833011627197
1125 0.032221627235412595 0.03242218494415283
1126 0.03266110420227051 0.03296773433685303
1127 0.032330656051635744 0.032506465911865234
1128 0.032571959495544436 0.03250904083251953
1129 0.03297698497772217 0.032794189453125
1130 0.03280322551727295 0.03287911415100098
1131 0.032859063148498534 0.032866811752319335
1132 0.03279552459716797 0.03279180526733398
1133 0.03280539512634277 0.03314433097839355
1134 0.0327049732208252 0.03271303176879883
1135 0.0330519437789917 0.03311488628387451
1136 0.03293709754943848 0.03329389095306397
1137 0.033129191398620604 0.03308792114257812
1138 0.03299968242645264 0.03309512138366699
1139 0.0331477165222168 0.03313002586364746
1140 0.03330845832824707 0.03332207202911377
1141 0.03325164318084717 0.03319330215454101
1142 0.03342618942260742 0.03316512107849121
1143 0.033388161659240724 0.033557772636413574
1144 0.0335240364074707 0.033498167991638184
1145 0.03371598720550537 0.033341288566589355
1146 0.03378167152404785 0.03368854522705078
1147 0.03370044231414795 0.03347413539886475
1148 0.03348033428192139 0.03377034664154053
1149 0.033865499496459964 0.0338226318359375
1150 0.03381168842315674 0.03372170925140381
1151 0.033945751190185544 0.03383679389953613
1152 0.03396673202514648 0.03413643836975098
1153 0.03384742736816406 0.03411421775817871
1154 0.0338956356048584 0.033868265151977536
1155 0.03429315090179443 0.034163713455200195
1156 0.034560990333557126 0.034342503547668456
1157 0.03441379070281982 0.03441674709320068
1158 0.03441650867462158 0.03438887596130371
1159 0.03445115089416504 0.03445520401000977
1160 0.03458883762359619 0.03462507724761963
1161 0.035015201568603514 0.034540867805480956
1162 0.03457925319671631 0.035019207000732425
1163 0.03462870121002197 0.03452122211456299
1164 0.034464693069458006 0.03439996242523193
1165 0.03447134494781494 0.03481936454772949
1166 0.035038876533508304 0.0348242998123169
1167 0.03468399047851563 0.034912824630737305
1168 0.03480627536773682 0.0346285343170166
1169 0.03498952388763428 0.03505892753601074
1170 0.03527867794036865 0.035198974609375
1171 0.03505651950836182 0.03524482250213623
1172 0.035278940200805665 0.03525998592376709
1173 0.03518135547637939 0.035274338722229
1174 0.03523344993591308 0.03527967929840088
1175 0.03538970947265625 0.03574280738830567
1176 0.03547148704528809 0.035558676719665526
1177 0.03534703254699707 0.03543276786804199
1178 0.03512990474700928 0.03564026355743408
1179 0.03587892055511475 0.035469460487365725
1180 0.03576061725616455 0.035732817649841306
1181 0.03572075366973877 0.03577017784118652
1182 0.035866713523864745 0.035445785522460936
1183 0.03603131771087646 0.03581945896148682
1184 0.03605937957763672 0.036408305168151855
1185 0.036160731315612794 0.036083650588989255
1186 0.036132526397705075 0.03619704246520996
1187 0.03620710372924805 0.03604018688201904
1188 0.035907649993896486 0.03620059490203857
1189 0.03592529296875 0.036058783531188965
1190 0.0359912633895874 0.036417818069458006
1191 0.03649258613586426 0.03631031513214111
1192 0.03634648323059082 0.036476659774780276
1193 0.036121916770935056 0.036311674118041995
1194 0.03645193576812744 0.036382293701171874
1195 0.0364133358001709 0.03663392066955566
1196 0.03632175922393799 0.03654322624206543
1197 0.036718559265136716 0.036864519119262695
1198 0.03671507835388184 0.03673868179321289
1199 0.036579561233520505 0.03696434497833252
1400 0.05001230239868164 0.05020010471343994
1401 0.05014443397521973 0.05017831325531006
1402 0.050936770439147946 0.05074455738067627
1403 0.05069117546081543 0.0506321907043457
1404 0.05069477558135986 0.050879716873168945
1405 0.05061817169189453 0.050771546363830564
1406 0.05043632984161377 0.050501656532287595
1407 0.05111720561981201 0.05082998275756836
1408 0.050980782508850096 0.05059199333190918
1409 0.05080080032348633 0.0508535623550415
1410 0.051194071769714355 0.05079836845397949
1411 0.05133020877838135 0.05089435577392578
1412 0.05114462375640869 0.05129284858703613
1413 0.05152008533477783 0.05142719745635986
1414 0.05133898258209228 0.05173771381378174
1415 0.05099203586578369 0.05138013362884521
1416 0.05130438804626465 0.05132384300231933
1417 0.051521825790405276 0.051136565208435056
1418 0.05138418674468994 0.05126636028289795
1419 0.05183768272399902 0.05141763687133789
1420 0.051201581954956055 0.05191085338592529
1421 0.05164670944213867 0.051416206359863284
1422 0.051796579360961915 0.05167996883392334
1423 0.051735424995422365 0.0516695499420166
1424 0.05230579376220703 0.05221824645996094
1425 0.05170085430145264 0.052472710609436035
1426 0.05203332901000977 0.051876950263977054
1427 0.05204861164093018 0.05251486301422119
1428 0.05249302387237549 0.05238819122314453
1429 0.05212106704711914 0.052124953269958495
1430 0.05219204425811767 0.05214979648590088
1431 0.053502368927001956 0.05263595581054688
1432 0.05229432582855224 0.05273904800415039
1433 0.05293862819671631 0.05218057632446289
1434 0.052651834487915036 0.052370095252990724
1435 0.05247697830200195 0.05257692337036133
1436 0.05233707427978516 0.05217478275299072
1437 0.05221843719482422 0.05247232913970947
1438 0.05267739295959473 0.052627968788146975
1439 0.0527559757232666 0.05305237770080566
1440 0.052658367156982425 0.05287144184112549
1441 0.05337212085723877 0.05305511951446533
1442 0.05297236442565918 0.052886223793029784
1443 0.05355057716369629 0.053379154205322264
1444 0.054036641120910646 0.05316605567932129
1445 0.053314709663391115 0.052930474281311035
1446 0.053204464912414554 0.052965974807739256
1447 0.053395771980285646 0.05360071659088135
1448 0.055230140686035156 0.05341746807098389
1449 0.053902602195739745 0.053744935989379884
1450 0.05385265350341797 0.05341789722442627
1451 0.053897857666015625 0.0540219783782959
1452 0.05389080047607422 0.05373387336730957
1453 0.054091572761535645 0.05437157154083252
1454 0.05396912097930908 0.05390141010284424
1455 0.054471516609191896 0.05436043739318848
1456 0.05395355224609375 0.054395747184753415
1457 0.05419886112213135 0.05409924983978272
1458 0.05580587387084961 0.05454487800598144
1459 0.05427751541137695 0.054658031463623045
1460 0.05429110527038574 0.05488181114196777
1461 0.054275107383728025 0.054335594177246094
1462 0.054844093322753903 0.054380249977111814
1463 0.054764604568481444 0.05472102165222168
1464 0.055025124549865724 0.05506572723388672
1465 0.055030083656311034 0.05588099956512451
1466 0.0554387092590332 0.054801654815673825
1467 0.05521714687347412 0.055172276496887204
1468 0.055352067947387694 0.05553503036499023
1469 0.055501770973205564 0.055228567123413085
1470 0.05508291721343994 0.05551576614379883
1471 0.05520937442779541 0.056066346168518064
1472 0.0549774169921875 0.05528192520141602
1473 0.055332279205322264 0.05552651882171631
1474 0.05584237575531006 0.05567886829376221
1475 0.05580229759216308 0.05577852725982666
1476 0.055528450012207034 0.05530831813812256
1477 0.055684685707092285 0.05620455741882324
1478 0.05585522651672363 0.05583233833312988
1479 0.05618135929107666 0.056060385704040525
1480 0.0563014030456543 0.05602498054504394
1481 0.056488204002380374 0.05617096424102783
1482 0.05653469562530518 0.05628788471221924
1483 0.05661163330078125 0.05644524097442627
1484 0.05614173412322998 0.05650551319122314
1485 0.056859922409057614 0.058179163932800294
1486 0.05668962001800537 0.05598978996276856
1487 0.05612912178039551 0.056607294082641604
1488 0.05650193691253662 0.05648925304412842
1489 0.05725421905517578 0.05693528652191162
1490 0.056882262229919434 0.056618332862854004
1491 0.056961989402770995 0.056644535064697264
1492 0.05685698986053467 0.05781066417694092
1493 0.0570885181427002 0.05719447135925293
1494 0.05691328048706055 0.0572540283203125
1495 0.05775282382965088 0.05745556354522705
1496 0.0592249870300293 0.05721704959869385
1497 0.05753912925720215 0.057233762741088864
1498 0.05769836902618408 0.05818023681640625
1499 0.057723832130432126 0.05833718776702881
1500 0.05792663097381592 0.05754425525665283
