10 17.4 23.0
11 18.0 28.3
12 19.7 34.0
13 27.8 41.5
14 27.7 45.4
15 32.6 46.9
16 36.3 59.4
17 39.5 67.9
18 41.9 71.0
19 42.5 95.1
20 52.1 91.1
21 52.5 99.7
22 56.6 117.9
23 58.5 111.4
24 64.8 138.9
25 64.9 150.8
26 74.5 156.5
27 71.5 181.4
28 77.0 181.2
29 83.5 213.3
30 88.1 217.5
31 93.0 231.5
32 95.4 236.4
33 98.8 250.5
34 106.5 292.2
35 113.6 284.3
36 109.2 309.0
37 116.4 338.4
38 123.0 351.9
39 123.4 357.5
40 125.7 400.6
41 131.1 419.8
42 135.1 419.6
43 141.2 452.1
44 143.9 471.2
45 149.1 486.1
46 155.0 516.9
47 159.6 526.2
48 163.6 549.4
49 157.5 559.8
50 164.8 624.6
51 173.9 674.5
52 183.4 636.0
53 188.4 667.4
54 191.3 717.1
55 196.8 741.2
56 192.6 763.3
57 203.8 806.9
58 208.1 822.2
59 214.1 806.9
60 216.7 880.9
61 212.2 908.2
62 222.3 952.4
63 243.7 1006.3
64 238.1 1024.5
65 241.6 1036.5
66 236.3 1052.2
67 247.8 1086.8
68 258.8 1181.6
69 259.4 1197.9
70 259.4 1195.7
71 287.8 1269.1
72 269.6 1288.8
73 290.4 1244.9
74 279.7 1384.9
75 284.5 1342.5
76 300.7 1413.7
77 295.8 1486.2
78 305.0 1491.9
79 298.4 1576.7
80 319.6 1568.7
81 325.5 1624.8
82 309.2 1627.8
83 332.5 1700.5
84 331.1 1758.3
85 329.3 1703.1
86 345.5 1834.2
87 351.3 1842.9
88 359.1 1891.3
89 363.5 1992.8
90 365.5 1990.1
91 361.7 2069.1
92 371.7 2038.9
93 381.4 2110.4
94 374.3 2144.7
95 379.7 2252.9
96 392.3 2209.7
97 404.0 2287.1
98 411.6 2329.1
99 394.8 2454.8
101 429.0 2535.5
102 411.7 2551.8
103 435.5 2652.5
104 443.0 2671.7
105 452.7 2745.1
106 459.8 2767.5
107 459.8 2858.4
108 446.9 2833.1
109 454.1 3024.3
110 469.6 3029.3
111 473.3 3009.0
112 478.8 3087.5
113 494.3 3105.9
114 474.3 3141.2
115 488.6 3184.4
116 511.0 3355.5
117 504.4 3437.0
118 513.6 3519.4
119 523.9 3606.2
120 516.0 3520.5
121 535.1 3546.8
122 516.6 3804.7
123 538.2 3800.4
124 552.0 3875.4
125 525.4 3883.0
126 553.0 3817.9
127 547.6 3979.9
128 545.3 4189.1
129 578.2 4211.9
130 581.1 4129.2
131 571.0 4371.6
132 572.9 4324.7
133 577.6 4253.6
134 592.6 4374.4
135 604.1 4461.1
136 622.2 4447.4
137 622.5 4648.6
138 598.2 4737.9
139 618.0 4815.9
140 624.6 4901.8
141 636.2 4989.1
142 646.6 4960.9
143 661.6 5056.2
144 648.7 5042.5
145 675.0 5255.5
146 671.1 5411.8
147 672.1 5402.9
148 670.1 5434.7
149 698.8 5418.3
150 693.9 5611.6
151 690.7 5616.2
152 680.0 5614.7
153 694.9 5775.3
154 697.6 5833.0
155 708.0 6000.0
156 718.0 5988.8
157 730.2 6297.1
158 735.5 6316.3
159 725.5 6108.8
160 747.3 6318.3
161 743.2 6335.8
162 750.4 6615.0
163 748.9 6611.8
164 769.2 6422.7
165 742.7 6897.1
166 775.6 6923.5
167 780.5 7067.4
168 790.9 7260.6
169 792.5 7053.1
170 808.3 7235.9
171 787.9 7272.4
172 808.9 7349.2
173 826.1 7552.8
174 807.1 7437.2
175 828.2 7563.3
176 845.3 7889.8
177 824.8 7694.5
178 824.1 7835.5
179 841.2 8067.2
180 873.7 8026.6
181 862.3 7854.0
182 885.4 7988.5
183 878.1 8144.3
184 885.5 8580.7
185 872.4 8604.8
186 889.2 8566.9
187 893.3 8658.8
188 895.1 8893.7
189 909.3 8914.5
190 930.2 8858.9
191 918.8 9004.9
192 939.2 9297.7
193 933.9 9230.6
194 934.2 9295.6
195 941.1 9522.7
196 960.5 9679.5
197 949.1 9403.2
198 961.6 9842.1
199 959.6 9847.8
200 969.2 9961.9
201 948.4 10066.2
202 994.0 10212.4
203 994.4 10571.1
204 977.4 10421.8
205 1038.3 10678.6
206 1008.3 10607.5
207 1011.0 10719.4
208 1028.3 10624.1
209 1035.4 10883.7
210 1024.1 10943.4
211 1040.8 11095.9
212 1027.0 10995.1
213 1043.2 11138.5
214 1061.1 11273.0
215 1071.5 11516.3
216 1084.5 11549.7
217 1057.9 11958.8
218 1091.0 11886.4
219 1073.6 11760.6
220 1095.1 12117.6
221 1096.2 12387.5
222 1100.3 12205.7
223 1103.9 12455.4
224 1098.4 12702.9
225 1110.5 12637.3
226 1106.7 12981.6
227 1130.4 13069.2
228 1130.5 12908.8
229 1150.2 13149.5
230 1154.9 13236.7
231 1146.9 13386.8
232 1175.9 13190.5
233 1167.3 13353.5
234 1185.0 13851.9
235 1194.3 13853.8
236 1146.2 13872.2
237 1193.7 14217.1
238 1191.9 13952.8
239 1193.1 13931.4
240 1198.5 14248.7
241 1233.4 14382.2
242 1234.8 14517.0
243 1219.9 14779.1
244 1221.2 15075.3
245 1217.8 14769.3
246 1246.8 14823.9
247 1254.7 14768.3
248 1243.2 15159.4
249 1238.3 15408.6
250 1265.8 15652.7
251 1275.8 15449.6
252 1261.3 16084.8
253 1276.5 16127.4
254 1278.2 16046.7
255 1305.8 16181.3
256 1318.2 15988.4
257 1321.2 16754.6
258 1324.2 16250.5
259 1314.0 16604.1
260 1340.7 17062.7
261 1299.8 16459.0
262 1345.3 16852.2
263 1346.0 17219.9
264 1365.5 17537.3
265 1363.6 17049.9
266 1356.1 17619.8
267 1411.9 17614.3
268 1345.8 17408.7
269 1381.3 17982.8
270 1411.1 18200.8
271 1389.9 18153.5
272 1419.6 18518.5
273 1416.2 18555.3
274 1390.9 18833.1
275 1428.6 19041.3
276 1433.3 18660.2
277 1435.7 18665.9
278 1437.6 18746.8
279 1433.6 19369.4
280 1432.8 19027.2
281 1455.9 19582.7
282 1482.4 19900.5
283 1455.7 20118.3
284 1471.1 20048.7
285 1463.1 20142.0
286 1500.7 20448.6
287 1494.2 20827.2
288 1491.5 20669.5
289 1509.9 21343.7
290 1522.6 20925.3
291 1537.2 21127.2
292 1511.9 21339.9
293 1545.8 21441.9
294 1592.7 21774.2
295 1543.4 21641.0
296 1571.9 21552.6
297 1543.6 21433.1
298 1542.4 21919.7
299 1582.5 22351.3
300 1594.4 22189.4
301 1578.4 22442.5
302 1577.4 22853.6
303 1617.2 22842.8
304 1628.0 22692.0
305 1599.3 23468.5
306 1600.9 23330.6
307 1652.8 23266.3
308 1608.6 23397.3
309 1627.3 23853.4
310 1643.7 23771.7
311 1673.0 23956.3
312 1660.9 24029.8
313 1634.4 24587.0
314 1654.7 24221.9
315 1665.3 24516.3
316 1681.2 24887.7
317 1677.7 24833.1
318 1685.2 24768.0
319 1686.7 25436.1
320 1713.4 25252.5
321 1702.3 25878.7
322 1702.9 26141.1
323 1717.5 26247.8
324 1765.4 25944.5
325 1718.7 26543.3
326 1730.9 26123.3
327 1749.1 26618.6
328 1752.5 27273.2
329 1773.3 27114.3
330 1789.6 27570.8
331 1784.1 26881.7
332 1793.6 26852.7
333 1789.3 27490.2
334 1778.7 27984.3
335 1793.9 28616.2
336 1806.5 28480.9
337 1821.9 28102.5
338 1837.1 28311.4
339 1837.4 28759.6
340 1812.9 28745.3
341 1826.5 28771.9
342 1811.8 28627.6
343 1854.1 30442.3
344 1841.2 29511.5
345 1864.2 28829.0
346 1892.2 29716.7
347 1891.9 30411.0
348 1841.6 30063.5
349 1848.9 30712.6
350 1897.3 30240.6
351 1923.3 30007.6
352 1901.6 30832.6
353 1922.2 31418.2
354 1935.4 30748.5
355 1947.9 31725.6
356 1955.9 31264.6
357 1969.8 31538.4
358 1934.1 32351.0
359 1926.8 31826.4
360 1931.1 32271.2
361 1955.2 33022.7
362 1949.0 32461.5
363 1985.5 33286.3
364 1966.0 33125.6
365 1988.3 33620.4
366 1973.6 33004.4
367 2007.5 33152.0
368 2036.8 33218.4
369 2052.3 33676.1
370 2008.8 34157.9
371 2035.6 34586.4
372 2052.4 34782.1
373 2036.0 34754.1
374 2069.5 34155.7
375 2024.6 35120.0
376 2041.5 35499.6
377 2046.0 35356.0
378 2050.8 35746.4
379 2109.0 36432.7
380 2087.3 35885.4
381 2121.7 36052.9
382 2104.2 36090.3
383 2104.4 36513.7
384 2112.6 36944.8
385 2159.9 37046.0
386 2147.4 37526.2
387 2111.7 37531.5
388 2134.0 38357.9
389 2149.0 37730.8
390 2156.5 37396.1
391 2193.1 38024.1
392 2173.7 38636.9
393 2196.8 38779.2
394 2203.5 38495.0
395 2170.8 39554.4
396 2195.2 39190.6
397 2233.9 38768.1
398 2208.5 38920.9
399 2196.1 39703.5
400 2230.0 39864.6
401 2262.0 40073.6
402 2228.5 40512.8
403 2249.1 40568.2
404 2240.3 40071.9
405 2270.4 40643.3
406 2263.1 41232.7
407 2286.0 41267.5
408 2258.2 40801.7
409 2318.1 41138.8
410 2274.0 41548.7
411 2322.7 41823.6
412 2283.9 41672.6
413 2290.4 42338.9
414 2296.3 42519.8
415 2311.6 42524.0
416 2343.4 43697.6
417 2344.8 43324.5
418 2333.3 43970.5
419 2325.0 44041.7
420 2354.2 44358.2
421 2336.7 44246.6
422 2348.5 44668.2
423 2364.1 45397.9
424 2375.2 45259.3
425 2366.3 44903.4
426 2386.3 45207.1
427 2401.3 45240.0
428 2371.3 45896.3
429 2403.0 44484.0
430 2438.9 46265.7
431 2457.8 45986.3
432 2469.2 46262.3
433 2401.1 45490.6
434 2408.3 46619.9
435 2421.7 47441.4
436 2452.8 46780.4
437 2429.3 48354.8
438 2451.5 46565.1
439 2492.3 48315.7
440 2479.3 49175.2
441 2489.4 49290.2
442 2498.2 49338.5
443 2565.1 48979.7
444 2511.2 49395.5
445 2510.0 48999.2
446 2548.2 49480.4
447 2537.0 51234.6
448 2544.2 50040.5
449 2567.4 51254.9
450 2584.7 51007.9
451 2540.9 50197.3
452 2591.9 51084.7
453 2587.4 50634.7
454 2597.4 52004.3
455 2567.1 51420.0
456 2606.1 52254.7
457 2599.3 52086.1
458 2618.1 51459.0
459 2602.6 51912.4
460 2629.3 52818.7
461 2634.3 52473.7
462 2611.4 53644.2
463 2711.1 52683.1
464 2675.5 53938.5
465 2657.2 53999.9
466 2678.7 54405.4
467 2643.1 54662.3
468 2719.8 54109.7
469 2676.1 54947.8
470 2708.4 53948.8
471 2710.4 55183.1
472 2710.1 55268.7
473 2688.3 55936.5
474 2659.2 55534.3
475 2747.9 55318.2
476 2705.9 56261.9
477 2736.1 56244.3
478 2702.5 56482.1
479 2732.0 56712.3
480 2726.8 57576.2
481 2765.1 57715.5
482 2758.9 56561.6
483 2765.8 57730.7
484 2766.1 58908.7
485 2789.3 59009.2
486 2775.2 59255.4
487 2825.6 59204.9
488 2803.4 59283.9
489 2790.9 59625.2
490 2838.2 59975.2
491 2822.5 60368.2
492 2842.8 59684.5
493 2772.8 59820.3
494 2837.3 60704.6
495 2856.0 60228.3
496 2830.4 62636.7
497 2887.8 62672.3
498 2845.1 60131.1
499 2879.8 61489.3
500 2874.5 61759.9
501 2934.2 62524.9
502 2923.8 62407.9
503 2921.3 62699.2
504 2932.7 64145.2
505 2933.2 63338.9
506 2904.6 63608.9
507 2868.3 63951.9
508 2956.1 64540.5
509 2981.7 64613.9
510 2994.2 65537.0
511 2929.9 65584.7
512 2992.1 65978.9
513 3008.5 64856.4
514 2953.1 66174.7
515 3010.5 66435.0
516 3094.8 65915.7
517 2989.1 66369.2
518 3025.1 67282.3
519 3041.7 67304.5
520 3014.9 67582.3
521 3022.3 68005.4
522 3068.0 67096.4
523 3002.6 68049.3
524 3049.1 69274.0
525 3070.1 68223.9
526 3080.9 69123.6
527 3097.0 70237.2
528 3110.0 69624.2
529 3097.2 69886.8
530 3134.3 70626.0
531 3083.3 70355.1
532 3151.1 70252.4
533 3151.6 71230.4
534 3050.0 70762.9
535 3087.4 70271.3
536 3170.7 71984.8
537 3175.1 72438.6
538 3148.7 72222.1
539 3175.2 73484.7
540 3168.0 73149.2
541 3183.8 72431.0
542 3192.8 70835.0
543 3171.2 72868.4
544 3216.4 73409.1
545 3218.8 73524.4
546 3220.7 73535.1
547 3201.0 74650.3
548 3230.0 74552.2
549 3221.3 75007.3
550 3258.3 75478.2
551 3228.2 76221.7
552 3237.0 76267.7
553 3209.1 76427.5
554 3241.6 75948.6
555 3293.8 77891.8
556 3281.4 78395.0
557 3258.5 77504.9
558 3276.7 78067.9
559 3308.0 78717.3
560 3321.4 78807.3
561 3228.4 78483.7
562 3326.0 78764.5
563 3286.3 80149.1
564 3345.0 79824.3
565 3387.4 80794.0
566 3425.2 81213.0
567 3351.0 79632.3
568 3372.2 80808.5
569 3371.3 80941.3
570 3372.5 80962.7
571 3395.2 81646.8
572 3482.0 82195.2
573 3407.9 82831.9
574 3348.1 82434.6
575 3480.0 81594.5
576 3431.0 83210.3
577 3428.0 83432.8
578 3383.5 84152.1
579 3401.7 84722.0
580 3453.8 84329.3
581 3479.2 83664.7
582 3419.1 84666.4
583 3473.9 84429.0
584 3464.8 84675.8
585 3439.5 85680.4
586 3497.2 85902.8
587 3488.8 86117.0
588 3474.4 86398.1
589 3516.2 86660.8
590 3475.1 86630.2
591 3512.2 86241.0
592 3508.2 87488.5
593 3503.0 87761.2
594 3515.5 87063.7
595 3570.6 88596.8
596 3573.3 89163.0
597 3593.6 89827.2
598 3542.9 87446.0
599 3551.9 88409.4
600 3656.3 88518.2
601 3593.5 90523.8
602 3615.9 91082.2
603 3578.2 90234.8
604 3625.3 90459.7
605 3644.8 90388.5
606 3642.9 92477.8
607 3562.7 91873.1
608 3608.6 92550.9
609 3635.9 93879.3
610 3647.1 92638.5
611 3608.8 91892.7
612 3754.4 93507.5
613 3684.1 93102.5
614 3682.2 93122.0
615 3729.5 94990.6
616 3671.8 94473.0
617 3692.2 95581.0
618 3714.5 93068.4
619 3711.3 96893.3
620 3668.1 95887.6
621 3694.6 95550.4
622 3722.4 96594.9
623 3757.2 97305.5
624 3756.4 96750.8
625 3713.4 97906.0
626 3762.8 97759.6
627 3796.3 98457.7
628 3788.5 98889.0
629 3788.9 98945.3
630 3794.3 97239.8
631 3796.0 100583.9
632 3806.3 100900.8
633 3841.4 99021.7
634 3890.6 101741.6
635 3741.4 101053.9
636 3768.3 102183.9
637 3795.9 99782.6
638 3814.2 100395.8
639 3852.1 103269.4
640 3806.8 102080.3
641 3848.6 102576.2
642 3936.8 103900.4
643 3895.8 101870.3
644 3831.3 103894.9
645 3923.7 106478.0
646 3933.9 105432.2
647 3912.4 105475.4
648 3900.0 103115.2
649 3908.9 104257.3
650 4012.8 104868.4
651 3901.9 106092.7
652 3924.1 106496.3
653 3954.4 105588.7
654 3918.2 106237.8
655 3977.9 107270.5
656 3978.6 107560.9
657 3995.0 108017.3
658 4006.1 107304.8
659 4004.0 109551.1
660 3970.5 108195.8
661 4016.9 109256.7
662 3979.1 108143.6
663 4016.0 111171.4
664 4065.0 109366.5
665 4048.7 109685.7
666 4090.9 111382.4
667 4041.2 109623.1
668 4077.8 111489.2
669 4054.3 112401.1
670 4032.0 113405.6
671 4046.2 112673.7
672 4116.0 112072.6
673 4068.3 112112.3
674 4090.3 113845.9
675 4072.8 114708.8
676 4118.8 114648.7
677 4122.5 113044.9
678 4116.9 114453.0
679 4134.9 115171.0
680 4137.5 115686.4
681 4157.2 116869.9
682 4084.5 115716.5
683 4197.4 116709.7
684 4163.4 117278.5
685 4160.5 118718.7
686 4260.7 117655.5
687 4192.8 118760.5
688 4210.7 118158.5
689 4198.9 117734.5
690 4142.0 117936.5
691 4198.8 119134.6
692 4179.6 120887.5
693 4228.9 119168.9
694 4277.5 121538.3
695 4243.5 120273.9
696 4227.3 119840.6
697 4219.4 120983.0
698 4267.9 123025.2
699 4265.5 123646.0
700 4297.7 123774.3
701 4334.9 121257.7
702 4294.6 122240.6
703 4259.9 123528.7
704 4308.9 123529.9
705 4359.9 123982.6
706 4280.7 124926.4
707 4293.6 125180.6
708 4312.8 125764.3
709 4312.5 124293.7
710 4366.7 125373.9
711 4302.1 125091.9
712 4356.9 127746.0
713 4369.1 125825.0
714 4369.7 126386.8
715 4390.8 127631.3
716 4384.6 128871.4
717 4363.1 126579.7
718 4435.3 129835.8
719 4379.0 128762.1
720 4377.4 132526.3
721 4426.1 129814.3
722 4482.5 131132.3
723 4475.7 129361.1
724 4526.8 130306.2
725 4486.4 129917.2
726 4481.6 131758.4
727 4469.7 131603.2
728 4451.4 131475.4
729 4543.4 132269.6
730 4493.0 133390.4
731 4426.8 132630.8
732 4507.8 133567.1
733 4515.2 133523.3
734 4569.7 135322.6
735 4580.2 133438.7
736 4507.1 135206.0
737 4551.2 137195.4
738 4624.6 136389.2
739 4541.3 136563.5
740 4510.5 136994.8
741 4614.7 137393.2
742 4577.6 136971.7
743 4623.2 138715.9
744 4558.7 139665.1
745 4631.5 138170.3
746 4573.9 138909.3
747 4605.0 139903.5
748 4551.1 140429.6
749 4598.5 139459.8
750 4599.3 140784.0
751 4664.2 140929.8
752 4698.3 140887.3
753 4678.5 142050.0
754 4686.0 141424.6
755 4718.7 142021.8
756 4691.3 144250.3
757 4689.8 142511.3
758 4666.8 142854.4
759 4697.5 143147.8
760 4691.5 142760.4
761 4701.1 143432.8
762 4752.3 145427.1
763 4780.6 145594.2
764 4713.5 146338.9
765 4752.3 144986.2
766 4716.1 147164.5
767 4770.8 147136.7
768 4803.3 146463.4
769 4782.2 147805.8
770 4851.5 148343.3
771 4796.6 150832.0
772 4801.5 148000.1
773 4879.0 149159.8
774 4809.5 150957.5
775 4783.1 147728.5
776 4821.4 151323.8
777 4860.3 151182.1
778 4796.9 150430.0
779 4841.8 153031.0
780 4909.5 150638.6
781 4861.9 152443.6
782 4869.4 152293.8
783 4834.9 154046.3
784 4870.9 154374.4
785 4804.7 154626.0
786 4868.7 151845.7
787 4937.2 153908.6
788 4899.5 156059.2
789 4965.5 155956.9
790 4906.0 155412.9
791 4906.2 155777.5
792 4942.3 156471.6
793 4978.6 154978.0
794 4956.0 157793.8
795 4956.5 158920.5
796 4903.5 158814.2
797 4981.3 157345.2
798 4958.1 156171.3
799 5002.7 160668.0
800 4998.8 158717.5
801 5032.6 157808.4
802 5057.1 161156.3
803 4962.1 159716.6
804 5012.5 161011.7
805 5069.5 158628.8
806 5060.1 160720.1
807 5038.5 161024.0
808 5104.5 162564.8
809 5200.6 162110.6
810 5087.4 163905.2
811 5031.9 164624.6
812 5138.4 166352.6
813 5068.2 163271.0
814 5077.7 165006.9
815 5184.3 164586.6
816 5096.5 164992.3
817 5129.6 166709.4
818 5114.3 165621.3
819 5153.4 165472.2
820 5209.1 167271.3
821 5191.4 167105.9
822 5120.7 169109.7
823 5088.6 169336.3
824 5205.8 172249.5
825 5219.2 169473.3
826 5235.6 170305.2
827 5207.1 170409.6
828 5232.5 171466.0
829 5180.0 171541.4
830 5190.2 171786.8
831 5182.0 173139.6
832 5217.7 171789.7
833 5225.1 172350.4
834 5223.6 173567.0
835 5278.7 175776.1
836 5255.9 174359.7
837 5306.2 174267.1
838 5260.5 174538.6
839 5253.2 173116.8
840 5280.8 175237.5
841 5345.6 177137.5
842 5279.6 175792.1
843 5333.6 179347.4
844 5311.0 176850.7
845 5316.2 177945.8
846 5387.5 178606.3
847 5371.0 176569.3
848 5325.6 180579.9
849 5316.3 179626.3
850 5459.8 181267.8
851 5314.2 177939.5
852 5319.6 180478.6
853 5402.3 181661.2
854 5402.9 181045.7
855 5469.4 182374.6
856 5408.9 182416.0
857 5363.3 181221.2
858 5325.2 184627.5
859 5463.3 185533.2
860 5406.2 185690.5
861 5543.6 184884.8
862 5411.3 184554.9
863 5493.3 184165.2
864 5509.9 185610.3
865 5441.3 186603.4
866 5468.0 186511.4
867 5437.8 190238.3
868 5530.8 186708.5
869 5464.3 189299.1
870 5433.5 188016.1
871 5540.7 189308.6
872 5520.2 190693.6
873 5518.9 190589.5
874 5572.8 190404.3
875 5553.5 191658.2
876 5633.0 192362.9
877 5553.0 189640.0
878 5620.3 192122.5
879 5516.0 195506.1
880 5514.7 194700.7
881 5524.8 193391.6
882 5562.6 194231.4
883 5502.6 195132.6
884 5609.8 195619.5
885 5643.8 194951.0
886 5669.9 194456.8
887 5693.8 196815.0
888 5663.5 194211.4
889 5711.4 194012.3
890 5712.8 198455.4
891 5725.0 197871.5
892 5738.4 200906.7
893 5694.6 198341.8
894 5672.7 198714.5
895 5688.4 200185.2
896 5649.7 200366.1
897 5672.4 199265.5
898 5712.8 198687.9
899 5743.7 200897.2
900 5742.1 200743.2
901 5704.7 201905.9
902 5785.3 201677.6
903 5688.3 203854.8
904 5782.0 203372.5
905 5816.8 202499.7
906 5696.1 205989.8
907 5860.3 206000.1
908 5787.0 205047.9
909 5751.3 206528.4
910 5819.7 202960.5
911 5807.7 208233.4
912 5860.3 210507.8
913 5885.1 210115.6
914 5792.2 210461.1
915 5841.7 210069.5
916 5897.2 208651.7
917 5940.5 212058.0
918 5866.4 210973.7
919 5879.3 211084.1
920 5833.7 211884.9
921 5927.3 213115.4
922 5914.2 213365.3
923 5923.9 211431.4
924 5934.7 213378.5
925 5961.0 211077.9
926 5933.2 213826.8
927 5979.0 214491.6
928 5960.2 215428.1
929 5935.0 214320.2
930 5890.2 216074.9
931 5992.1 215307.9
932 5931.7 216564.7
933 5941.6 217901.5
934 5993.3 216815.6
935 6018.8 218157.0
936 6027.8 219171.3
937 6049.9 221308.3
938 6065.2 220706.8
939 6038.2 221513.5
940 6093.4 219549.4
941 5976.5 220917.5
942 5961.1 223955.7
943 6007.9 224024.3
944 6095.4 223120.7
945 6068.4 221818.4
946 6094.9 221627.8
947 6165.8 222667.1
948 6077.4 223451.6
949 6110.3 226006.5
950 6050.3 224415.9
951 6094.0 226077.5
952 6122.8 227358.9
953 6114.4 227402.8
954 6126.8 228383.2
955 6127.3 226377.7
956 6116.1 226432.1
957 6188.5 229194.6
958 6198.6 230422.1
959 6186.4 231938.3
960 6120.4 231206.5
961 6173.4 229941.3
962 6162.1 229617.7
963 6191.0 231910.9
964 6278.6 232182.7
965 6233.5 232313.2
966 6190.6 231724.1
967 6125.8 235836.0
968 6266.7 233453.3
969 6254.5 235446.4
970 6202.6 236306.6
971 6234.5 234398.2
972 6248.6 237485.7
973 6329.4 235408.9
974 6257.4 235354.0
975 6326.0 237843.7
976 6284.5 242666.8
977 6388.2 239972.5
978 6269.1 237010.4
979 6302.6 240063.1
980 6274.0 237269.9
981 6332.6 241035.4
982 6410.4 239875.5
983 6307.5 243046.3
984 6373.7 239262.6
985 6324.5 240007.1
986 6330.1 241882.0
987 6335.9 242494.5
988 6357.6 242111.1
989 6446.5 244313.5
990 6352.0 244551.0
991 6427.3 245613.1
992 6490.1 243010.2
993 6500.4 247530.4
994 6521.5 247837.4
995 6488.1 249141.1
996 6430.2 249824.7
997 6438.6 244811.3
998 6482.5 249896.7
999 6455.0 249635.6
