0.0003016233444213867
0.0006897449493408203
0.0002910852432250977
0.00026695728302001954
0.0002728939056396484
0.0002773046493530273
0.0003180503845214844
0.00029244422912597654
0.00028650760650634767
0.00029015541076660156
0.0002931833267211914
0.00028989315032958987
0.00029573440551757815
0.00030231475830078125
0.000305938720703125
0.0003104686737060547
0.00032558441162109373
0.0003836393356323242
0.00033485889434814453
0.0003408670425415039
0.0003376007080078125
0.0003462791442871094
0.00034692287445068357
0.000353240966796875
0.0003581523895263672
0.0003641366958618164
0.00036978721618652344
0.0003745555877685547
0.0003800153732299805
0.0003866434097290039
0.0003914356231689453
0.00039799213409423827
0.00040378570556640623
0.00040898323059082033
0.00041513442993164064
0.0004213809967041016
0.00042703151702880857
0.0004334211349487305
0.00043828487396240233
0.00044574737548828123
0.00045166015625
0.00045800209045410156
0.000464630126953125
0.0004701375961303711
0.00047686100006103513
0.0004830121994018555
0.0004890918731689453
0.000495457649230957
0.0005029916763305664
0.0005095958709716797
0.0005163669586181641
0.0005221128463745117
0.0005288124084472656
0.0005354166030883789
0.0005419969558715821
0.0005494594573974609
0.0005564212799072266
0.0005633115768432617
0.0005696296691894531
0.0005770206451416015
0.0005837678909301758
0.0005910396575927734
0.0005976200103759765
0.0006051540374755859
0.0006116628646850586
0.0006189823150634765
0.0006261110305786133
0.0006334781646728516
0.0006413698196411133
0.0006486892700195313
0.0006578922271728516
0.0006627321243286132
0.0006704330444335938
0.0006789207458496094
0.0006860494613647461
0.0006943941116333008
0.0007018327713012695
0.0007096767425537109
0.0007165193557739258
0.0007248878479003906
0.000732588768005371
0.0007404804229736329
0.0007484197616577148
0.0007569074630737304
0.000764155387878418
0.0007727622985839843
0.0007803916931152343
0.0007878780364990234
0.0007974147796630859
0.0008041858673095703
0.0008146524429321289
0.0008216381072998046
0.0008300542831420898
0.0008371591567993164
0.0008449316024780274
0.0008553743362426757
0.000862574577331543
0.0008711576461791992
0.0008812427520751953
0.0008906841278076172
0.0008975505828857422
0.0009070158004760743
0.0009136199951171875
0.0009219646453857422
0.000930023193359375
0.0009394168853759765
0.0009483098983764648
0.0009584426879882812
0.0009660720825195312
0.000975346565246582
0.000985121726989746
0.0009942770004272461
0.0010023117065429688
0.0010119199752807618
0.0010212898254394532
0.0010315656661987304
0.0010403156280517577
0.0010504007339477539
0.0010584115982055664
0.001067209243774414
0.0010782003402709961
0.0010867595672607421
0.0010967731475830078
0.0011062860488891602
0.0011168718338012695
0.0011255979537963868
0.0011367082595825195
0.00114593505859375
0.0011553287506103516
0.0011650800704956054
0.0011744976043701171
0.0011858224868774414
0.0011940956115722655
0.0012043237686157227
0.001215672492980957
0.001224207878112793
0.0012344121932983398
0.0012441158294677734
0.0012549877166748047
0.0012641668319702149
0.0012761354446411133
0.0012855768203735352
0.0012950420379638672
0.0013062238693237304
0.0013191699981689453
0.0013289213180541991
0.0013379812240600585
0.0013489484786987304
0.0013597249984741212
0.0013726234436035156
0.0013820648193359375
0.0013930559158325194
0.0014022588729858398
0.0014136075973510743
0.0014255762100219727
0.0014357566833496094
0.0014463901519775391
0.0014591693878173828
0.0014745473861694336
0.001488637924194336
0.00149991512298584
0.0015130043029785156
0.0015311956405639649
0.0015426874160766602
0.0015594482421875
0.0015720129013061523
0.0015843629837036133
0.0015949964523315429
0.001614546775817871
0.0016279935836791993
0.0016416788101196289
0.001655244827270508
0.0016690731048583985
0.0016784429550170898
0.0017050981521606445
0.0017094612121582031
0.0017236709594726563
0.0017348289489746093
0.0017519235610961915
0.0017613649368286132
0.0017780780792236329
0.0017926216125488282
0.0018137454986572265
0.0018256187438964843
0.0018370628356933593
0.0018637657165527343
0.0018682241439819335
0.0018791437149047851
0.0019071102142333984
0.0019090890884399414
0.0019240379333496094
0.0019476890563964843
0.001961040496826172
0.001973724365234375
0.0019789218902587892
0.0019958972930908202
0.0020214319229125977
0.0020508766174316406
0.0020360231399536135
0.0020625829696655274
0.002299857139587402
0.0021179914474487305
0.002109265327453613
0.00215911865234375
0.002175426483154297
0.0021573781967163088
0.002173900604248047
0.002186751365661621
0.0022030115127563477
0.0022176504135131836
0.0022343158721923827
0.00225214958190918
0.00226445198059082
0.002282118797302246
0.0022978782653808594
0.0023156881332397463
0.00232999324798584
0.002346229553222656
0.0023628950119018556
0.002379751205444336
0.002399730682373047
0.0024109601974487303
0.002428698539733887
0.0024463653564453123
0.002463531494140625
0.002479219436645508
0.002494621276855469
0.002510261535644531
0.0025330543518066405
0.00254518985748291
0.002561068534851074
0.0025819778442382813
0.0025972843170166014
0.0026195764541625975
0.0026376962661743162
0.002647662162780762
0.002665281295776367
0.002682185173034668
0.0026961803436279298
0.002720499038696289
0.0027324676513671873
0.002750110626220703
0.002772021293640137
0.0027831315994262694
0.0028038740158081053
0.0028223752975463866
0.002837944030761719
0.0028533697128295898
0.002874588966369629
0.0029006242752075196
0.0029078960418701173
0.002930450439453125
0.0029424428939819336
0.002963709831237793
0.0029791116714477537
0.003000187873840332
0.0030190229415893556
0.003040313720703125
0.0030487060546875
0.003049945831298828
0.003061795234680176
0.003075408935546875
0.003094482421875
0.0031131505966186523
0.0031290054321289062
0.003150200843811035
0.003169703483581543
0.003187751770019531
0.0032044172286987303
0.0032212018966674806
0.0032405614852905273
0.0032572507858276366
0.003280234336853027
0.0032938480377197265
0.003314042091369629
0.003335094451904297
0.0033510446548461912
0.003368377685546875
0.003391599655151367
0.0034085988998413088
0.003425884246826172
0.004466557502746582
0.0034669160842895506
0.003484296798706055
0.0035091400146484374
0.0035216569900512694
0.003539776802062988
0.003562736511230469
0.0035799741744995117
0.003603410720825195
0.0036239147186279295
0.003637099266052246
0.0036574840545654298
0.003679513931274414
0.003700065612792969
0.0037262678146362306
0.003740835189819336
0.0037593841552734375
0.0037780046463012696
0.00379638671875
0.004117727279663086
0.0038907527923583984
0.0039644956588745115
0.003940749168395996
0.003946948051452637
0.003966617584228516
0.003988480567932129
0.004011297225952148
0.004028439521789551
0.004053092002868653
0.004071283340454102
0.004101753234863281
0.004117298126220703
0.0041369438171386715
0.004157900810241699
0.004178738594055176
0.004311847686767578
0.0042255640029907225
0.004245281219482422
0.004264020919799804
0.00453498363494873
0.0043122291564941405
0.0043421506881713865
0.004351282119750976
0.004380702972412109
0.00440223217010498
0.0044121980667114254
0.00443422794342041
0.004457211494445801
0.004476785659790039
0.004498863220214843
0.004527926445007324
0.004553961753845215
0.004566740989685058
0.004587626457214356
0.004613304138183593
0.004633426666259766
0.004659318923950195
0.004684638977050781
0.004697585105895996
0.004720163345336914
0.004744029045104981
0.004766654968261719
0.0048034429550170895
0.004810500144958496
0.004843616485595703
0.004865717887878418
0.004885411262512207
0.004925823211669922
0.004922604560852051
0.004943728446960449
0.004990482330322265
0.004997348785400391
0.005020689964294433
0.005037951469421387
0.005057120323181152
0.0050929546356201175
0.005112290382385254
0.005152416229248047
0.005165243148803711
0.005188703536987305
0.005214405059814453
0.005221080780029297
0.0052557229995727536
0.005282068252563476
0.005304765701293945
0.005318689346313477
0.005354237556457519
0.005364274978637696
0.00539548397064209
0.005424857139587402
0.005445432662963867
0.005489945411682129
0.005491423606872559
0.005511808395385742
0.005541753768920898
0.005564427375793457
0.0055893659591674805
0.005609917640686035
0.005641555786132813
0.005682539939880371
0.0056886434555053714
0.0057228803634643555
0.005745601654052734
0.005765461921691894
0.005786895751953125
0.005799388885498047
0.005837178230285645
0.005863547325134277
0.005883240699768066
0.005900859832763672
0.005937623977661133
0.005966401100158692
0.005985689163208008
0.005999255180358887
0.0060301065444946286
0.0060613155364990234
0.006081199645996094
0.0061342716217041016
0.006129002571105957
0.0065538883209228516
0.00623934268951416
0.006141543388366699
0.006171655654907226
0.006210780143737793
0.006241011619567871
0.006275057792663574
0.006260395050048828
0.00629885196685791
0.0063657999038696286
0.00635678768157959
0.006381368637084961
0.006405425071716308
0.006465792655944824
0.006455183029174805
0.006493115425109863
0.006508135795593261
0.006560182571411133
0.006542515754699707
0.006565570831298828
0.006595683097839355
0.006638741493225098
0.006680607795715332
0.0067169427871704105
0.006714940071105957
0.006761693954467773
0.006786346435546875
0.006807446479797363
0.0068214178085327145
0.006862425804138183
0.006897425651550293
0.006908512115478516
0.006931042671203614
0.0069789886474609375
0.006990861892700195
0.007035756111145019
0.007048892974853516
0.007068157196044922
0.007115411758422852
0.007143354415893555
0.007174539566040039
0.00719454288482666
0.00722496509552002
0.007231879234313965
0.0072730064392089845
0.007284092903137207
0.007358360290527344
0.007352447509765625
0.0074318647384643555
0.007394218444824218
0.007541561126708984
0.0075103998184204105
0.007491087913513184
0.007512855529785156
0.007548856735229492
0.007576870918273926
0.007600736618041992
0.00762939453125
0.007669711112976074
0.007703018188476562
0.007718205451965332
0.007754921913146973
0.007813286781311036
0.007819747924804688
0.007816195487976074
0.00785069465637207
0.007923007011413574
0.00790996551513672
0.007949328422546387
0.008000564575195313
0.007989597320556641
0.008031296730041503
0.008059549331665038
0.00808265209197998
0.008101558685302735
0.008157873153686523
0.008205413818359375
0.008248400688171387
0.008248162269592286
0.008265805244445801
0.008344197273254394
0.008327937126159668
0.008408355712890624
0.008440160751342773
0.008467340469360351
0.00845184326171875
0.008455204963684081
0.008452677726745605
0.008480358123779296
0.008512020111083984
0.008543062210083007
0.008594083786010741
0.00859367847442627
0.008608150482177734
0.008651113510131836
0.008680105209350586
0.008708977699279785
0.008749246597290039
0.008775663375854493
0.00881056785583496
0.00923612117767334
0.008859348297119141
0.008881688117980957
0.008912777900695801
0.008954524993896484
0.0089735746383667
0.009004592895507812
0.009038686752319336
0.00907430648803711
0.009107851982116699
0.00914015769958496
0.009144806861877441
0.009179782867431641
0.009258079528808593
0.00924220085144043
0.009260320663452148
0.009305286407470702
0.009327864646911621
0.00934600830078125
0.009383106231689453
0.009410977363586426
0.009440350532531738
0.009484529495239258
0.009521150588989257
0.009548068046569824
0.009567713737487793
0.009591293334960938
0.009637117385864258
0.009684586524963379
0.009811091423034667
0.009821820259094238
0.009759187698364258
0.009929370880126954
0.009823203086853027
0.009868216514587403
0.009891343116760255
0.009912657737731933
0.009956765174865722
0.009973406791687012
0.010030055046081543
0.010052108764648437
0.010071206092834472
0.010121631622314452
0.010175037384033202
0.010180807113647461
0.010228800773620605
0.010241413116455078
0.010295820236206055
0.010315680503845214
0.010340452194213867
0.01043684482574463
0.010436391830444336
0.010438346862792968
0.010477614402770997
0.010502910614013672
0.010555720329284668
0.010579538345336915
0.010618352890014648
0.010629701614379882
0.0106553316116333
0.010696792602539062
0.01071321964263916
0.01074206829071045
0.010788798332214355
0.010835409164428711
0.010851240158081055
0.010894203186035156
0.010915851593017578
0.010951709747314454
0.010976457595825195
0.011034655570983886
0.011083674430847169
0.011098718643188477
0.011099672317504883
0.011173057556152343
0.011181306838989259
0.011202478408813476
0.011256694793701172
0.011296725273132325
0.01132361888885498
0.01135861873626709
0.011408686637878418
0.011435866355895996
0.011494040489196777
0.011508822441101074
0.01154639720916748
0.011574268341064453
0.011615896224975586
0.011626696586608887
0.011674213409423827
0.011726951599121094
0.011719441413879395
0.011753988265991212
0.01183769702911377
0.011878347396850586
0.01187148094177246
0.011922764778137206
0.011937403678894043
0.011977005004882812
0.012049531936645508
0.012626028060913086
0.012340974807739259
0.012264728546142578
0.01231245994567871
0.01238267421722412
0.01231698989868164
0.012451243400573731
0.012503504753112793
0.012492728233337403
0.012503910064697265
0.012559890747070312
0.012644243240356446
0.012560725212097168
0.012726712226867675
0.01271216869354248
0.012732148170471191
0.012788224220275878
0.012812042236328125
0.012845206260681152
0.012952160835266114
0.012910676002502442
0.01287388801574707
0.012977862358093261
0.013007330894470214
0.013024997711181641
0.013075590133666992
0.013104939460754394
0.013221335411071778
0.013186454772949219
0.013232779502868653
0.013248825073242187
0.013273119926452637
0.013285326957702636
0.013361334800720215
0.0133897066116333
0.013400936126708984
0.01348128318786621
0.01346747875213623
0.01351161003112793
0.013575243949890136
0.013601183891296387
0.013669347763061524
0.01367201805114746
0.013712358474731446
0.013745784759521484
0.013759827613830567
0.013826608657836914
0.013882684707641601
0.013944125175476075
0.013924860954284668
0.01402902603149414
0.013997316360473633
0.01408524513244629
0.014116764068603516
0.014130783081054688
0.014124727249145508
0.014172196388244629
0.014226984977722169
0.014268970489501953
0.014320921897888184
0.014337968826293946
0.01434633731842041
0.014412784576416015
0.01443464756011963
0.01447603702545166
0.014539098739624024
0.014523911476135253
0.014600920677185058
0.014612412452697754
0.014664626121520996
0.014701771736145019
0.014750170707702636
0.0147996187210083
0.014834427833557129
0.014883327484130859
0.01489255428314209
0.014933919906616211
0.014981770515441894
0.015008640289306641
0.01509089469909668
0.015123319625854493
0.01515815258026123
0.015272283554077148
0.015214133262634277
0.015260457992553711
0.015296697616577148
0.015328145027160645
0.015378808975219727
0.015381693840026855
0.015430426597595215
0.015615701675415039
0.015503430366516113
0.015587115287780761
0.015576720237731934
0.015721893310546874
0.01569039821624756
0.015935230255126952
0.015756797790527344
0.01581716537475586
0.015832853317260743
0.016322231292724608
0.0159090518951416
0.015915322303771972
0.015922689437866212
0.01590695381164551
0.015969681739807128
0.015997886657714844
0.01604609489440918
0.016083931922912596
0.01611618995666504
0.016214966773986816
0.01619377136230469
0.016243529319763184
0.016298818588256835
0.016399097442626954
0.016383814811706542
0.016410398483276366
0.016500282287597656
0.016568708419799804
0.016501331329345705
0.016545414924621582
0.016585564613342284
0.016662406921386718
0.0167081356048584
0.016770339012145995
0.016804814338684082
0.016806960105895996
0.016847753524780275
0.016895198822021486
0.016979074478149413
0.0169649600982666
0.017019152641296387
0.017026305198669434
0.017105364799499513
0.0171764612197876
0.017177128791809083
0.017222046852111816
0.017286205291748048
0.017339158058166503
0.017414021492004394
0.017411184310913087
0.017455673217773436
0.017552733421325684
0.01752927303314209
0.017559909820556642
0.017641448974609376
0.017670369148254393
0.017670059204101564
0.01777036190032959
0.017869997024536132
0.017847204208374025
0.017846345901489258
0.017998361587524415
0.018076872825622557
0.01804361343383789
0.01806910037994385
0.01807248592376709
0.018135786056518555
0.01823844909667969
0.018265509605407716
0.020285367965698242
0.01827824115753174
0.01832737922668457
0.018343377113342284
0.018411135673522948
0.018398809432983398
0.018457555770874025
0.01858382225036621
0.018555498123168944
0.01864125728607178
0.018674349784851073
0.018733882904052736
0.0187938928604126
0.018885087966918946
0.018893885612487792
0.018929600715637207
0.018905949592590333
0.0190673828125
0.018985056877136232
0.019085001945495606
0.0190889835357666
0.019214367866516112
0.019185543060302734
0.019186115264892577
0.01927332878112793
0.01959249973297119
0.019327473640441895
0.019400405883789062
0.0194854736328125
0.01954348087310791
0.019577884674072267
0.019669127464294434
0.01964690685272217
0.019664454460144042
0.019679045677185057
0.01980729103088379
0.01979794502258301
0.019851303100585936
0.01986393928527832
0.019924139976501463
0.020406937599182128
0.02005946636199951
0.020122361183166505
0.02029118537902832
0.020314335823059082
0.020192956924438475
0.020267081260681153
0.020364665985107423
0.020360708236694336
0.020390129089355467
0.020464372634887696
0.02048015594482422
0.020557498931884764
0.020577383041381837
0.020671486854553223
0.02065877914428711
0.02073652744293213
0.020714855194091795
0.020870423316955565
0.020920991897583008
0.020939970016479494
0.020997214317321777
0.02099735736846924
0.021097779273986816
0.021136260032653807
0.021144580841064454
0.021192240715026855
0.02138199806213379
0.02126345634460449
0.021393585205078124
0.02136201858520508
0.021410179138183594
0.0214688777923584
0.02150852680206299
0.021618962287902832
0.021633195877075195
0.021687960624694823
0.02179710865020752
0.02171204090118408
0.02177927494049072
0.021877479553222657
0.021856522560119628
0.02206151485443115
0.022037792205810546
0.022074580192565918
0.022065067291259767
0.022149872779846192
0.02212047576904297
0.02228713035583496
0.022255635261535643
0.022414302825927733
0.022411060333251954
0.022378134727478027
0.022466659545898438
0.02247917652130127
0.022594547271728514
0.022619295120239257
0.022750091552734376
0.022742056846618654
0.02282249927520752
0.02275094985961914
0.022826266288757325
0.02287557125091553
0.022997236251831053
0.02303967475891113
0.023186802864074707
0.023119187355041503
0.023076844215393067
0.02315945625305176
0.02334280014038086
0.023325681686401367
0.023373842239379883
0.023557662963867188
0.023463869094848634
0.02352163791656494
0.023577380180358886
0.02352309226989746
0.023580002784729003
0.02370889186859131
0.023738622665405273
0.023805403709411622
0.023895692825317384
0.023927021026611327
0.02393054962158203
0.023914480209350587
0.02395932674407959
0.02406487464904785
0.02415730953216553
0.024219989776611328
0.024281001091003417
0.024252152442932128
0.024263787269592284
0.024324870109558104
0.024400663375854493
0.024448132514953612
0.024514245986938476
0.024606943130493164
0.024658894538879393
0.02460486888885498
0.024703788757324218
0.025251317024230956
0.024745082855224608
0.024801921844482423
0.02478189468383789
0.024885177612304688
0.025041866302490234
0.025038671493530274
0.025229620933532714
0.025257635116577148
0.02519810199737549
0.025307583808898925
0.025340008735656738
0.025247788429260253
0.02544558048248291
0.02582876682281494
0.025540924072265624
0.02564401626586914
0.02552492618560791
0.02570204734802246
0.025699567794799805
0.026048994064331053
0.025857949256896974
0.02603116035461426
0.02600851058959961
0.02604520320892334
0.02601594924926758
0.02614870071411133
0.026127386093139648
0.026166391372680665
0.026200413703918457
0.026501154899597167
0.02648794651031494
0.0264768123626709
0.026433706283569336
0.02643911838531494
0.026492762565612792
0.02672286033630371
0.026540970802307128
0.026690149307250978
0.02685086727142334
0.026877403259277344
0.026767539978027343
0.026795482635498045
0.027002525329589844
0.026973867416381837
0.026962757110595703
0.027185606956481933
0.02716562747955322
0.027162003517150878
0.02725985050201416
0.027257251739501952
0.02733578681945801
0.027881431579589843
0.02741837501525879
0.027563762664794923
0.027628397941589354
0.027704238891601562
0.02784113883972168
0.027816510200500487
0.027771806716918944
0.027811884880065918
0.027871155738830568
0.027857255935668946
0.028011393547058106
0.028038334846496583
0.02807650566101074
0.02824864387512207
0.02824878692626953
0.028212666511535645
0.028347539901733398
0.02829265594482422
0.028415775299072264
0.02857224941253662
0.028437542915344238
0.028662681579589844
0.028695106506347656
0.028719758987426756
0.028762626647949218
0.028953957557678222
0.029030680656433105
0.02902069091796875
0.029000616073608397
0.02898092269897461
0.029110121726989745
0.02911989688873291
0.02928895950317383
0.029395341873168945
0.029693293571472167
0.029337525367736816
0.029561281204223633
0.02959311008453369
0.029549431800842286
0.029527044296264647
0.029805326461791994
0.029722714424133302
0.02972109317779541
0.029815149307250977
0.030004072189331054
0.029972195625305176
0.029906964302062987
0.030344200134277344
0.030101847648620606
0.03012096881866455
0.030145430564880372
0.030974411964416505
0.030419325828552245
0.03042442798614502
0.03042764663696289
0.030345225334167482
0.030672454833984376
0.03059248924255371
0.03067324161529541
0.03101043701171875
0.030688166618347168
0.030769157409667968
0.031140971183776855
0.030956077575683593
0.031126689910888673
0.03103036880493164
0.03108987808227539
0.03126072883605957
0.031299924850463866
0.03141179084777832
0.03140137195587158
0.03135840892791748
0.03148825168609619
0.03161101341247559
0.031655621528625486
0.031619906425476074
0.031827330589294434
0.031603336334228516
0.03176565170288086
0.03184914588928223
0.03178436756134033
0.0319793701171875
0.031936359405517575
0.03260481357574463
0.03226535320281983
0.03216423988342285
0.032189011573791504
0.03249039649963379
0.032341623306274415
0.03240880966186523
0.0325969934463501
0.03274593353271484
0.032445120811462405
0.032536888122558595
0.032929301261901855
0.03290550708770752
0.03272693157196045
0.032983827590942386
0.033163046836853026
0.03297812938690185
0.033003616333007815
0.0330289363861084
0.033414697647094725
0.033368253707885744
0.033374667167663574
0.03342256546020508
0.03371562957763672
0.03343031406402588
0.03353493213653565
0.03355662822723389
0.03364307880401611
0.03378429412841797
0.03382854461669922
0.0344083309173584
0.03385922908782959
0.03381786346435547
0.03386800289154053
0.03397946357727051
0.033978509902954104
0.034060883522033694
0.03447780609130859
0.03454890251159668
0.03436746597290039
0.03447859287261963
0.03454747200012207
0.03451688289642334
0.03500397205352783
0.03448705673217774
0.03461987972259521
0.034528279304504396
0.03468508720397949
0.03479411602020264
0.03504214286804199
0.03501484394073486
0.03495597839355469
0.03520586490631104
0.035330986976623534
0.03509535789489746
0.03521175384521484
0.03513495922088623
0.035318827629089354
0.03553681373596192
0.03587620258331299
0.03599729537963867
0.035678982734680176
0.035487961769104
0.03589508533477783
0.03614544868469238
0.035814428329467775
0.03583207130432129
0.035806465148925784
0.03599872589111328
0.035882973670959474
0.036183643341064456
0.03797764778137207
0.03635239601135254
0.037722420692443845
0.03732450008392334
0.03737397193908691
0.037275290489196776
0.03647603988647461
0.03823168277740478
0.03677389621734619
0.03830745220184326
0.03847570419311523
0.03697311878204346
0.03677053451538086
0.037056803703308105
0.037163710594177245
0.037154221534729005
0.0369981050491333
0.03749089241027832
0.03859789371490478
0.03920273780822754
0.039896392822265626
0.038753342628479
0.03870513439178467
0.039451098442077635
0.03831613063812256
0.03759739398956299
0.03765876293182373
0.03760843276977539
0.037665700912475585
0.03810703754425049
0.03798220157623291
0.037796616554260254
0.037949562072753906
0.03828275203704834
0.0383394718170166
0.03823244571685791
0.03838982582092285
0.03849363327026367
0.038617706298828124
0.038476753234863284
0.03857896327972412
0.03859283924102783
0.038620805740356444
0.038872933387756346
0.03879985809326172
0.03880457878112793
0.038748645782470705
0.038878011703491214
0.03931949138641357
0.03930754661560058
0.03976595401763916
0.0392874002456665
0.03928494453430176
0.03942403793334961
0.03964467048645019
0.03947038650512695
0.03997671604156494
0.03958938121795654
0.039773869514465335
0.03974530696868896
0.03963806629180908
0.04018480777740478
0.03994128704071045
0.04007201194763184
0.03997070789337158
0.04003207683563233
0.040196704864501956
0.04001946449279785
0.04042017459869385
0.040357017517089845
0.040384960174560544
0.04055638313293457
0.040464186668396
0.040564465522766116
0.040758275985717775
0.04152674674987793
0.04075767993927002
0.042769002914428714
0.04097130298614502
0.04107115268707275
0.04100468158721924
0.04119880199432373
0.041318678855896
0.04109671115875244
0.04141478538513184
0.041707539558410646
0.041569304466247556
0.04152467250823975
0.04141364097595215
0.04170324802398682
0.04181911945343018
0.04167022705078125
0.04188802242279053
0.042955660820007326
0.04193868637084961
0.042323517799377444
0.0424978494644165
0.042313003540039064
0.04207355976104736
0.04260721206665039
0.04420335292816162
0.04238705635070801
0.04250621795654297
0.042820191383361815
0.04287476539611816
0.04251675605773926
0.04292616844177246
0.04285299777984619
0.04294056892395019
0.042783713340759276
0.04288604259490967
0.043056607246398926
0.04295229911804199
0.04325613975524902
0.043353152275085446
0.04349193572998047
0.043505501747131345
0.04349498748779297
0.0435065746307373
0.043862318992614745
0.04369771480560303
0.04386897087097168
0.04356992244720459
0.04401476383209228
0.04392411708831787
0.0440828800201416
0.04411773681640625
0.044321203231811525
0.04426684379577637
0.044360566139221194
0.04436891078948975
0.044498610496521
0.04472715854644775
0.04453437328338623
0.04457058906555176
0.04474740028381348
0.04491429328918457
0.044905996322631835
0.04481441974639892
0.045125603675842285
0.045252871513366696
0.04528179168701172
0.04520769119262695
0.04533219337463379
0.04535515308380127
0.04536881446838379
0.045540356636047365
0.04545745849609375
0.04581718444824219
0.04551210403442383
0.045992922782897946
0.045466494560241696
0.046152377128601076
0.04572861194610596
0.046219897270202634
0.04594097137451172
0.046251344680786136
0.04645326137542725
0.04685530662536621
0.04632513523101807
0.046366095542907715
0.046667742729187014
0.04653513431549072
0.04707045555114746
0.046940159797668454
0.04678049087524414
0.047040677070617674
0.047199440002441403
0.046944403648376466
0.047235298156738284
0.047057580947875974
0.04743759632110596
0.0477527379989624
0.04760599136352539
0.0477689266204834
0.0478020429611206
0.04802711009979248
0.0475348949432373
0.047812581062316895
0.04805855751037598
0.04784083366394043
0.04798588752746582
0.04816722869873047
0.04836394786834717
0.04831416606903076
0.0483762264251709
0.04839692115783691
0.04869508743286133
0.04834296703338623
0.04870662689208984
0.048357701301574706
0.04882504940032959
0.04850039482116699
0.050504517555236814
0.04993393421173096
0.05058863162994385
0.04980502128601074
0.04988350868225098
0.04999611377716064
0.05003745555877685
0.050275421142578124
0.050176572799682614
0.05019369125366211
0.050155043601989746
0.050324535369873045
0.05049407482147217
0.050610804557800294
0.050525975227355954
0.05054841041564941
0.05065798759460449
0.05059006214141846
0.050824546813964845
0.0506781816482544
0.050968265533447264
0.051300048828125
0.05123183727264404
0.05117828845977783
0.0518892765045166
0.05167856216430664
0.05162413120269775
0.05155653953552246
0.051372718811035153
0.051549100875854494
0.051442432403564456
0.05168583393096924
0.051805949211120604
0.0520491361618042
0.05176000595092774
0.051631760597229
0.051883888244628903
0.051827502250671384
0.05230534076690674
0.052664327621459964
0.052853631973266604
0.05247206687927246
0.05271270275115967
0.05276069641113281
0.05213737487792969
0.05243463516235351
0.05291094779968262
0.05288541316986084
0.052789497375488284
0.053488421440124514
0.052912235260009766
0.0535548210144043
0.05477173328399658
0.0530872106552124
0.05313670635223389
0.05307009220123291
0.05331239700317383
0.053767728805541995
0.053795266151428225
0.05374908447265625
0.053248143196105956
0.05387337207794189
0.054038381576538085
0.054122185707092284
0.05402364730834961
0.05417492389678955
0.05473105907440186
0.054251885414123534
0.05438411235809326
0.05452077388763428
0.05431513786315918
0.05454752445220947
0.05463850498199463
0.054699158668518065
0.05475373268127441
0.05493659973144531
0.054895973205566405
0.055584168434143065
0.05509471893310547
0.055023193359375
0.0552410364151001
0.05546071529388428
0.05499167442321777
0.05573503971099854
0.0554100513458252
0.055887150764465335
0.05556483268737793
0.056051206588745114
0.0555739164352417
0.05623359680175781
0.05571327209472656
0.05596346855163574
0.055977153778076175
0.056068134307861325
0.056332969665527345
0.056446957588195804
0.05624279975891113
0.05709142684936523
0.05696463584899902
0.05693178176879883
